Unnamed: 0,Open,High,Low,Close,Volume,Beta,COVAR,VAR005,VAR05,DELTA_COVAR_UNC
1996-10-09 16:00:00-04:00,0.0,6.5,5.75,6.0,289900,0.0,0.0,0.0,0.0,0.0
1996-10-10 16:00:00-04:00,0.0,6.0,5.75,6.0,118400,0.0,0.0,0.0,0.0,0.0
1996-10-11 16:00:00-04:00,0.0,6.0,5.75,5.75,96900,0.0,0.0,0.0,0.0,0.0
1996-10-14 16:00:00-04:00,0.0,6.0,5.75,5.75,57400,0.0,0.0,0.0,0.0,0.0
1996-10-15 16:00:00-04:00,0.0,6.0,5.25,5.25,104700,0.0,0.0,0.0,0.0,0.0
1996-10-16 16:00:00-04:00,0.0,5.5,5.2188,5.25,156700,0.0,0.0,0.0,0.0,0.0
1996-10-17 16:00:00-04:00,0.0,5.5,5.25,5.4375,64000,0.0,0.0,0.0,0.0,0.0
1996-10-18 16:00:00-04:00,0.0,5.5,5.375,5.375,32700,0.0,0.0,0.0,0.0,0.0
1996-10-21 16:00:00-04:00,0.0,5.5,5.375,5.5,41900,0.0,0.0,0.0,0.0,0.0
1996-10-22 16:00:00-04:00,0.0,5.5,5.25,5.5,95600,0.0,0.0,0.0,0.0,0.0
1996-10-23 16:00:00-04:00,0.0,5.5,5.25,5.25,27800,0.0,0.0,0.0,0.0,0.0
1996-10-24 16:00:00-04:00,0.0,5.5,5.25,5.5,19400,0.0,0.0,0.0,0.0,0.0
1996-10-25 16:00:00-04:00,0.0,5.5,5.25,5.25,22300,0.0,0.0,0.0,0.0,0.0
1996-10-28 16:00:00-05:00,0.0,5.5,5.25,5.375,60400,0.0,0.0,0.0,0.0,0.0
1996-10-29 16:00:00-05:00,0.0,5.5,5.25,5.25,40200,0.0,0.0,0.0,0.0,0.0
1996-10-30 16:00:00-05:00,0.0,5.5,5.25,5.25,55800,0.0,0.0,0.0,0.0,0.0
1996-10-31 16:00:00-05:00,0.0,5.5,5.25,5.375,83500,0.0,0.0,0.0,0.0,0.0
1996-11-01 16:00:00-05:00,0.0,5.5,5.125,5.125,71500,0.0,0.0,0.0,0.0,0.0
1996-11-04 16:00:00-05:00,0.0,5.5,5.125,5.125,39600,0.0,0.0,0.0,0.0,0.0
1996-11-05 16:00:00-05:00,0.0,5.375,5.0625,5.0625,29600,0.0,0.0,0.0,0.0,0.0
1996-11-06 16:00:00-05:00,0.0,5.5,5.125,5.5,14600,0.0,0.0,0.0,0.0,0.0
1996-11-07 16:00:00-05:00,0.0,5.5,5.0,5.375,37600,0.0,0.0,0.0,0.0,0.0
1996-11-08 16:00:00-05:00,0.0,5.375,5.0,5.0,27300,0.0,0.0,0.0,0.0,0.0
1996-11-11 16:00:00-05:00,0.0,5.25,5.0,5.25,77900,0.0,0.0,0.0,0.0,0.0
1996-11-12 16:00:00-05:00,0.0,5.25,5.0,5.25,24300,0.0,0.0,0.0,0.0,0.0
1996-11-13 16:00:00-05:00,0.0,5.25,5.0,5.0,82600,0.0,0.0,0.0,0.0,0.0
1996-11-14 16:00:00-05:00,0.0,5.25,5.0,5.25,166000,0.0,0.0,0.0,0.0,0.0
1996-11-15 16:00:00-05:00,0.0,5.25,5.0,5.0313,44900,0.0,0.0,0.0,0.0,0.0
1996-11-18 16:00:00-05:00,0.0,5.375,5.0,5.375,40400,0.0,0.0,0.0,0.0,0.0
1996-11-19 16:00:00-05:00,0.0,5.5,5.0,5.0,88700,0.0,0.0,0.0,0.0,0.0
1996-11-20 16:00:00-05:00,0.0,5.375,5.0,5.0,30700,0.0,0.0,0.0,0.0,0.0
1996-11-21 16:00:00-05:00,0.0,5.375,5.0,5.0,79000,0.0,0.0,0.0,0.0,0.0
1996-11-22 16:00:00-05:00,0.0,5.375,5.0,5.0,82400,0.0,0.0,0.0,0.0,0.0
1996-11-25 16:00:00-05:00,0.0,5.25,5.0,5.0,20500,0.0,0.0,0.0,0.0,0.0
1996-11-26 16:00:00-05:00,0.0,5.375,5.0,5.0,31500,0.0,0.0,0.0,0.0,0.0
1996-11-27 16:00:00-05:00,0.0,5.5,5.0,5.375,40700,0.0,0.0,0.0,0.0,0.0
1996-11-29 16:00:00-05:00,0.0,5.375,5.0,5.375,23300,0.0,0.0,0.0,0.0,0.0
1996-12-02 16:00:00-05:00,0.0,5.375,5.0,5.0,29100,0.0,0.0,0.0,0.0,0.0
1996-12-03 16:00:00-05:00,0.0,5.375,5.0,5.0,45200,0.0,0.0,0.0,0.0,0.0
1996-12-04 16:00:00-05:00,0.0,5.375,5.0,5.375,32000,0.0,0.0,0.0,0.0,0.0
1996-12-05 16:00:00-05:00,0.0,5.375,5.0,5.125,115000,0.0,0.0,0.0,0.0,0.0
1996-12-06 16:00:00-05:00,0.0,5.375,5.0,5.0,48300,0.0,0.0,0.0,0.0,0.0
1996-12-09 16:00:00-05:00,0.0,5.375,5.0,5.375,23200,0.0,0.0,0.0,0.0,0.0
1996-12-10 16:00:00-05:00,0.0,5.375,5.0,5.25,35800,0.0,0.0,0.0,0.0,0.0
1996-12-11 16:00:00-05:00,0.0,5.375,5.0,5.0,143600,0.0,0.0,0.0,0.0,0.0
1996-12-12 16:00:00-05:00,0.0,5.375,5.0,5.1875,25600,0.0,0.0,0.0,0.0,0.0
1996-12-13 16:00:00-05:00,0.0,5.1094,5.0,5.0,32200,0.0,0.0,0.0,0.0,0.0
1996-12-16 16:00:00-05:00,0.0,5.375,5.0,5.0,57400,0.0,0.0,0.0,0.0,0.0
1996-12-17 16:00:00-05:00,0.0,5.375,5.0,5.3125,52900,0.0,0.0,0.0,0.0,0.0
1996-12-18 16:00:00-05:00,0.0,5.375,5.0,5.0,157100,0.0,0.0,0.0,0.0,0.0
1996-12-19 16:00:00-05:00,0.0,5.125,5.0,5.125,55800,0.0,0.0,0.0,0.0,0.0
1996-12-20 16:00:00-05:00,0.0,5.125,5.0,5.125,19300,0.0,0.0,0.0,0.0,0.0
1996-12-23 16:00:00-05:00,0.0,5.125,5.0,5.0,54400,0.0,0.0,0.0,0.0,0.0
1996-12-24 16:00:00-05:00,0.0,5.125,5.0,5.0,1400,0.0,0.0,0.0,0.0,0.0
1996-12-26 16:00:00-05:00,0.0,5.125,5.0,5.0313,12600,0.0,0.0,0.0,0.0,0.0
1996-12-27 16:00:00-05:00,0.0,5.0,5.0,5.0,800,0.0,0.0,0.0,0.0,0.0
1996-12-30 16:00:00-05:00,0.0,5.125,5.0,5.0625,35500,0.0,0.0,0.0,0.0,0.0
1996-12-31 16:00:00-05:00,0.0,5.125,5.0,5.0,38000,0.0,0.0,0.0,0.0,0.0
1997-01-02 16:00:00-05:00,0.0,5.125,5.0,5.125,7700,0.0,0.0,0.0,0.0,0.0
1997-01-03 16:00:00-05:00,0.0,5.125,5.0,5.0,36800,0.0,0.0,0.0,0.0,0.0
1997-01-06 16:00:00-05:00,0.0,5.25,5.0,5.125,87500,0.0,0.0,0.0,0.0,0.0
1997-01-07 16:00:00-05:00,0.0,5.25,5.0,5.0,10000,0.0,0.0,0.0,0.0,0.0
1997-01-08 16:00:00-05:00,0.0,5.25,4.75,5.25,168000,0.0,0.0,0.0,0.0,0.0
1997-01-09 16:00:00-05:00,0.0,5.25,5.0,5.0,34500,0.0,0.0,0.0,0.0,0.0
1997-01-10 16:00:00-05:00,0.0,5.25,5.0,5.0,58600,0.0,0.0,0.0,0.0,0.0
1997-01-13 16:00:00-05:00,0.0,5.25,5.0,5.125,40400,0.0,0.0,0.0,0.0,0.0
1997-01-14 16:00:00-05:00,0.0,5.125,5.0,5.125,45000,0.0,0.0,0.0,0.0,0.0
1997-01-15 16:00:00-05:00,0.0,5.25,5.0,5.0,46400,0.0,0.0,0.0,0.0,0.0
1997-01-16 16:00:00-05:00,0.0,5.25,5.0,5.0,20900,0.0,0.0,0.0,0.0,0.0
1997-01-17 16:00:00-05:00,0.0,5.25,5.0,5.0,24900,0.0,0.0,0.0,0.0,0.0
1997-01-20 16:00:00-05:00,0.0,5.625,5.0,5.0,107900,0.0,0.0,0.0,0.0,0.0
1997-01-21 16:00:00-05:00,0.0,5.375,5.0,5.0,20200,0.0,0.0,0.0,0.0,0.0
1997-01-22 16:00:00-05:00,0.0,5.375,5.0,5.0,26400,0.0,0.0,0.0,0.0,0.0
1997-01-23 16:00:00-05:00,0.0,5.375,5.0,5.0,57400,0.0,0.0,0.0,0.0,0.0
1997-01-24 16:00:00-05:00,0.0,5.25,5.0,5.0,100900,0.0,0.0,0.0,0.0,0.0
1997-01-27 16:00:00-05:00,0.0,5.125,5.0,5.0,37200,0.0,0.0,0.0,0.0,0.0
1997-01-28 16:00:00-05:00,0.0,5.125,5.0,5.0,41500,0.0,0.0,0.0,0.0,0.0
1997-01-29 16:00:00-05:00,0.0,5.125,5.0,5.125,22800,0.0,0.0,0.0,0.0,0.0
1997-01-30 16:00:00-05:00,0.0,5.125,5.0,5.0,14000,0.0,0.0,0.0,0.0,0.0
1997-01-31 16:00:00-05:00,0.0,5.125,5.0,5.0,15200,0.0,0.0,0.0,0.0,0.0
1997-02-03 16:00:00-05:00,0.0,5.125,5.0,5.0,1700,0.0,0.0,0.0,0.0,0.0
1997-02-04 16:00:00-05:00,0.0,5.125,5.0,5.0,51900,0.0,0.0,0.0,0.0,0.0
1997-02-05 16:00:00-05:00,0.0,5.5,5.0,5.0,75900,0.0,0.0,0.0,0.0,0.0
1997-02-06 16:00:00-05:00,0.0,5.375,5.0,5.0,5800,0.0,0.0,0.0,0.0,0.0
1997-02-07 16:00:00-05:00,0.0,5.5,5.0,5.0,36400,0.0,0.0,0.0,0.0,0.0
1997-02-10 16:00:00-05:00,0.0,5.375,5.0,5.0,56300,0.0,0.0,0.0,0.0,0.0
1997-02-11 16:00:00-05:00,0.0,5.0,4.0,5.0,188500,0.0,0.0,0.0,0.0,0.0
1997-02-12 16:00:00-05:00,0.0,5.0,5.0,5.0,29500,0.0,0.0,0.0,0.0,0.0
1997-02-13 16:00:00-05:00,0.0,5.25,5.0,5.0,24300,0.0,0.0,0.0,0.0,0.0
1997-02-14 16:00:00-05:00,0.0,5.375,5.0,5.0,34800,0.0,0.0,0.0,0.0,0.0
1997-02-18 16:00:00-05:00,0.0,5.375,5.0,5.125,35700,0.0,0.0,0.0,0.0,0.0
1997-02-19 16:00:00-05:00,0.0,5.25,5.0,5.25,6400,0.0,0.0,0.0,0.0,0.0
1997-02-20 16:00:00-05:00,0.0,5.375,4.0,5.0,73800,0.0,0.0,0.0,0.0,0.0
1997-02-21 16:00:00-05:00,0.0,5.375,5.0,5.1875,34900,0.0,0.0,0.0,0.0,0.0
1997-02-24 16:00:00-05:00,0.0,5.375,5.0,5.375,20300,0.0,0.0,0.0,0.0,0.0
1997-02-25 16:00:00-05:00,0.0,5.375,5.0,5.0,13500,0.0,0.0,0.0,0.0,0.0
1997-02-26 16:00:00-05:00,0.0,5.25,5.0,5.25,10300,0.0,0.0,0.0,0.0,0.0
1997-02-27 16:00:00-05:00,0.0,5.375,5.0,5.0,16800,0.0,0.0,0.0,0.0,0.0
1997-02-28 16:00:00-05:00,0.0,5.375,4.9688,5.25,49000,0.0,0.0,0.0,0.0,0.0
1997-03-03 16:00:00-05:00,0.0,5.0,5.0,5.0,3700,0.0,0.0,0.0,0.0,0.0
1997-03-04 16:00:00-05:00,0.0,5.25,5.0,5.0,10800,0.0,0.0,0.0,0.0,0.0
1997-03-05 16:00:00-05:00,0.0,5.375,5.0,5.375,43600,0.0,0.0,0.0,0.0,0.0
1997-03-06 16:00:00-05:00,0.0,5.375,5.0,5.0,11900,0.0,0.0,0.0,0.0,0.0
1997-03-07 16:00:00-05:00,0.0,5.375,5.0,5.25,31600,0.0,0.0,0.0,0.0,0.0
1997-03-10 16:00:00-05:00,0.0,5.375,5.0,5.375,21300,0.0,0.0,0.0,0.0,0.0
1997-03-11 16:00:00-05:00,0.0,5.375,5.0,5.125,25800,0.0,0.0,0.0,0.0,0.0
1997-03-12 16:00:00-05:00,0.0,5.0,2.5625,3.625,104400,0.0,0.0,0.0,0.0,0.0
1997-03-13 16:00:00-05:00,0.0,3.875,2.125,3.0,257500,0.0,0.0,0.0,0.0,0.0
1997-03-14 16:00:00-05:00,0.0,3.0,2.25,2.75,194300,0.0,0.0,0.0,0.0,0.0
1997-03-17 16:00:00-05:00,0.0,2.625,2.25,2.25,37100,0.0,0.0,0.0,0.0,0.0
1997-03-18 16:00:00-05:00,0.0,2.875,2.375,2.875,26900,0.0,0.0,0.0,0.0,0.0
1997-03-19 16:00:00-05:00,0.0,2.875,2.25,2.375,20100,0.0,0.0,0.0,0.0,0.0
1997-03-20 16:00:00-05:00,0.0,3.25,2.375,2.75,98400,0.0,0.0,0.0,0.0,0.0
1997-03-21 16:00:00-05:00,0.0,3.0,2.375,2.375,86400,0.0,0.0,0.0,0.0,0.0
1997-03-24 16:00:00-05:00,0.0,2.75,1.625,1.875,80100,0.0,0.0,0.0,0.0,0.0
1997-03-25 16:00:00-05:00,0.0,2.25,1.75,2.0,90400,0.0,0.0,0.0,0.0,0.0
1997-03-26 16:00:00-05:00,0.0,2.125,2.0,2.0,13200,0.0,0.0,0.0,0.0,0.0
1997-03-27 16:00:00-05:00,0.0,2.125,1.75,1.75,32200,0.0,0.0,0.0,0.0,0.0
1997-03-31 16:00:00-05:00,0.0,2.0,1.25,1.2813,75600,0.0,0.0,0.0,0.0,0.0
1997-04-01 16:00:00-05:00,0.0,2.0,1.4375,1.5,43100,0.0,0.0,0.0,0.0,0.0
1997-04-02 16:00:00-05:00,0.0,1.875,1.5,1.6875,25700,0.0,0.0,0.0,0.0,0.0
1997-04-03 16:00:00-05:00,0.0,2.0,1.5,2.0,25500,0.0,0.0,0.0,0.0,0.0
1997-04-04 16:00:00-05:00,0.0,1.875,1.6875,1.75,11100,0.0,0.0,0.0,0.0,0.0
1997-04-07 16:00:00-04:00,0.0,2.0,1.6875,1.75,24800,0.0,0.0,0.0,0.0,0.0
1997-04-08 16:00:00-04:00,0.0,1.8125,1.625,1.8125,49500,0.0,0.0,0.0,0.0,0.0
1997-04-09 16:00:00-04:00,0.0,1.8125,1.625,1.75,54700,0.0,0.0,0.0,0.0,0.0
1997-04-10 16:00:00-04:00,0.0,1.75,1.4375,1.6875,56500,0.0,0.0,0.0,0.0,0.0
1997-04-11 16:00:00-04:00,0.0,1.5625,1.4375,1.5,36600,0.0,0.0,0.0,0.0,0.0
1997-04-14 16:00:00-04:00,0.0,1.6875,0.875,1.1875,80800,0.0,0.0,0.0,0.0,0.0
1997-04-15 16:00:00-04:00,0.0,1.625,1.0625,1.625,12200,0.0,0.0,0.0,0.0,0.0
1997-04-16 16:00:00-04:00,0.0,1.6875,1.125,1.125,16600,0.0,0.0,0.0,0.0,0.0
1997-04-17 16:00:00-04:00,0.0,1.25,1.125,1.125,15400,0.0,0.0,0.0,0.0,0.0
1997-04-18 16:00:00-04:00,0.0,1.625,1.125,1.125,18900,0.0,0.0,0.0,0.0,0.0
1997-04-21 16:00:00-04:00,0.0,1.625,1.125,1.1875,14800,0.0,0.0,0.0,0.0,0.0
1997-04-22 16:00:00-04:00,0.0,1.25,0.8125,1.0,82000,0.0,0.0,0.0,0.0,0.0
1997-04-23 16:00:00-04:00,0.0,1.375,1.125,1.1875,88200,0.0,0.0,0.0,0.0,0.0
1997-04-24 16:00:00-04:00,0.0,1.375,1.0,1.0625,36100,0.0,0.0,0.0,0.0,0.0
1997-04-25 16:00:00-04:00,0.0,1.25,1.0,1.1875,31900,0.0,0.0,0.0,0.0,0.0
1997-04-28 16:00:00-04:00,0.0,1.25,1.0,1.0,40100,0.0,0.0,0.0,0.0,0.0
1997-04-29 16:00:00-04:00,0.0,1.25,0.9375,1.25,56900,0.0,0.0,0.0,0.0,0.0
1997-04-30 16:00:00-04:00,0.0,1.1875,1.0,1.0,42200,0.0,0.0,0.0,0.0,0.0
1997-05-01 16:00:00-04:00,0.0,1.1875,0.875,1.1875,70500,0.0,0.0,0.0,0.0,0.0
1997-05-02 16:00:00-04:00,0.0,1.1875,1.0,1.0,8600,0.0,0.0,0.0,0.0,0.0
1997-05-05 16:00:00-04:00,0.0,1.1875,1.0,1.1875,14700,0.0,0.0,0.0,0.0,0.0
1997-05-06 16:00:00-04:00,0.0,1.375,1.0625,1.25,54900,0.0,0.0,0.0,0.0,0.0
1997-05-07 16:00:00-04:00,0.0,1.25,1.0625,1.125,34300,0.0,0.0,0.0,0.0,0.0
1997-05-08 16:00:00-04:00,0.0,1.25,1.0625,1.125,49400,0.0,0.0,0.0,0.0,0.0
1997-05-09 16:00:00-04:00,0.0,1.25,1.0625,1.1875,33400,0.0,0.0,0.0,0.0,0.0
1997-05-12 16:00:00-04:00,0.0,1.25,1.0625,1.0625,10600,0.0,0.0,0.0,0.0,0.0
1997-05-13 16:00:00-04:00,0.0,1.25,1.0625,1.0625,10000,0.0,0.0,0.0,0.0,0.0
1997-05-14 16:00:00-04:00,0.0,1.375,1.1875,1.25,40800,0.0,0.0,0.0,0.0,0.0
1997-05-15 16:00:00-04:00,0.0,1.3125,1.0313,1.1875,39300,0.0,0.0,0.0,0.0,0.0
1997-05-16 16:00:00-04:00,0.0,1.2813,1.0625,1.2813,38300,0.0,0.0,0.0,0.0,0.0
1997-05-19 16:00:00-04:00,0.0,1.5,1.125,1.5,39000,0.0,0.0,0.0,0.0,0.0
1997-05-20 16:00:00-04:00,0.0,1.5,1.375,1.5,53400,0.0,0.0,0.0,0.0,0.0
1997-05-21 16:00:00-04:00,0.0,1.875,1.4375,1.5625,69700,0.0,0.0,0.0,0.0,0.0
1997-05-22 16:00:00-04:00,0.0,1.6875,1.375,1.625,38600,0.0,0.0,0.0,0.0,0.0
1997-05-23 16:00:00-04:00,0.0,1.625,1.3125,1.5,27300,0.0,0.0,0.0,0.0,0.0
1997-05-27 16:00:00-04:00,0.0,1.75,1.3125,1.4375,76800,0.0,0.0,0.0,0.0,0.0
1997-05-28 16:00:00-04:00,0.0,1.6875,1.4375,1.5156,57400,0.0,0.0,0.0,0.0,0.0
1997-05-29 16:00:00-04:00,0.0,1.375,1.3125,1.3125,2700,0.0,0.0,0.0,0.0,0.0
1997-05-30 16:00:00-04:00,0.0,1.4375,1.2813,1.3125,7100,0.0,0.0,0.0,0.0,0.0
1997-06-02 16:00:00-04:00,0.0,1.4375,1.1875,1.1875,29500,0.0,0.0,0.0,0.0,0.0
1997-06-03 16:00:00-04:00,0.0,1.3125,1.1875,1.3125,16000,0.0,0.0,0.0,0.0,0.0
1997-06-04 16:00:00-04:00,0.0,1.3125,1.125,1.3125,23100,0.0,0.0,0.0,0.0,0.0
1997-06-05 16:00:00-04:00,0.0,1.3125,1.125,1.125,65800,0.0,0.0,0.0,0.0,0.0
1997-06-06 16:00:00-04:00,0.0,1.375,1.0,1.125,109400,0.0,0.0,0.0,0.0,0.0
1997-06-09 16:00:00-04:00,0.0,1.5,1.125,1.3125,74500,0.0,0.0,0.0,0.0,0.0
1997-06-10 16:00:00-04:00,0.0,1.25,1.1563,1.1875,5400,0.0,0.0,0.0,0.0,0.0
1997-06-11 16:00:00-04:00,0.0,1.3125,1.1563,1.1875,71800,0.0,0.0,0.0,0.0,0.0
1997-06-12 16:00:00-04:00,0.0,1.4063,1.1563,1.375,158200,0.0,0.0,0.0,0.0,0.0
1997-06-13 16:00:00-04:00,0.0,1.4063,1.1875,1.25,259100,0.0,0.0,0.0,0.0,0.0
1997-06-16 16:00:00-04:00,0.0,1.375,1.1875,1.375,42500,0.0,0.0,0.0,0.0,0.0
1997-06-17 16:00:00-04:00,0.0,1.4063,1.2188,1.3125,33200,0.0,0.0,0.0,0.0,0.0
1997-06-18 16:00:00-04:00,0.0,1.4063,1.1563,1.3125,66800,0.0,0.0,0.0,0.0,0.0
1997-06-19 16:00:00-04:00,0.0,1.3125,1.1563,1.3125,56100,0.0,0.0,0.0,0.0,0.0
1997-06-20 16:00:00-04:00,0.0,1.4063,1.1875,1.4063,49900,0.0,0.0,0.0,0.0,0.0
1997-06-23 16:00:00-04:00,0.0,1.4688,1.3125,1.4375,61700,0.0,0.0,0.0,0.0,0.0
1997-06-24 16:00:00-04:00,0.0,1.7344,1.375,1.7188,149500,0.0,0.0,0.0,0.0,0.0
1997-06-25 16:00:00-04:00,0.0,1.75,1.5,1.5938,55500,0.0,0.0,0.0,0.0,0.0
1997-06-26 16:00:00-04:00,0.0,1.6563,1.4063,1.5,30300,0.0,0.0,0.0,0.0,0.0
1997-06-27 16:00:00-04:00,0.0,1.5625,1.4063,1.4375,26800,0.0,0.0,0.0,0.0,0.0
1997-06-30 16:00:00-04:00,0.0,1.5938,1.375,1.5938,5100,0.0,0.0,0.0,0.0,0.0
1997-07-01 16:00:00-04:00,0.0,1.5938,1.375,1.5313,3400,0.0,0.0,0.0,0.0,0.0
1997-07-02 16:00:00-04:00,0.0,1.5938,1.375,1.5938,9500,0.0,0.0,0.0,0.0,0.0
1997-07-03 16:00:00-04:00,0.0,1.6563,1.375,1.5,30200,0.0,0.0,0.0,0.0,0.0
1997-07-07 16:00:00-04:00,0.0,1.6875,1.4688,1.6875,64800,0.0,0.0,0.0,0.0,0.0
1997-07-08 16:00:00-04:00,0.0,1.625,1.375,1.375,85700,0.0,0.0,0.0,0.0,0.0
1997-07-09 16:00:00-04:00,0.0,1.4375,1.3125,1.3125,26000,0.0,0.0,0.0,0.0,0.0
1997-07-10 16:00:00-04:00,0.0,1.4375,1.2813,1.2813,61300,0.0,0.0,0.0,0.0,0.0
1997-07-11 16:00:00-04:00,0.0,1.4063,1.2813,1.4063,38800,0.0,0.0,0.0,0.0,0.0
1997-07-14 16:00:00-04:00,0.0,1.4375,1.3125,1.375,34900,0.0,0.0,0.0,0.0,0.0
1997-07-15 16:00:00-04:00,0.0,1.5,1.3438,1.5,220200,0.0,0.0,0.0,0.0,0.0
1997-07-16 16:00:00-04:00,0.0,1.5625,1.4375,1.4375,7000,0.0,0.0,0.0,0.0,0.0
1997-07-17 16:00:00-04:00,0.0,1.625,1.4375,1.5,22300,0.0,0.0,0.0,0.0,0.0
1997-07-18 16:00:00-04:00,0.0,1.6563,1.5,1.5,36000,0.0,0.0,0.0,0.0,0.0
1997-07-21 16:00:00-04:00,0.0,1.6563,1.5,1.625,16300,0.0,0.0,0.0,0.0,0.0
1997-07-22 16:00:00-04:00,0.0,1.6563,1.4375,1.5625,87800,0.0,0.0,0.0,0.0,0.0
1997-07-23 16:00:00-04:00,0.0,1.5938,1.375,1.5,58300,0.0,0.0,0.0,0.0,0.0
1997-07-24 16:00:00-04:00,0.0,1.5,1.375,1.5,9200,0.0,0.0,0.0,0.0,0.0
1997-07-25 16:00:00-04:00,0.0,1.5313,1.375,1.5,43100,0.0,0.0,0.0,0.0,0.0
1997-07-28 16:00:00-04:00,0.0,1.5313,1.375,1.5,27000,0.0,0.0,0.0,0.0,0.0
1997-07-29 16:00:00-04:00,0.0,1.5313,1.375,1.375,18700,0.0,0.0,0.0,0.0,0.0
1997-07-30 16:00:00-04:00,0.0,1.5625,1.3125,1.3125,290200,0.0,0.0,0.0,0.0,0.0
1997-07-31 16:00:00-04:00,0.0,1.5938,1.3438,1.375,12900,0.0,0.0,0.0,0.0,0.0
1997-08-01 16:00:00-04:00,0.0,0.0,0.0,1.375,0,0.0,0.0,0.0,0.0,0.0
1997-08-04 16:00:00-04:00,0.0,1.5938,1.3438,1.3438,17800,0.0,0.0,0.0,0.0,0.0
1997-08-05 16:00:00-04:00,0.0,1.5625,1.3125,1.3125,51300,0.0,0.0,0.0,0.0,0.0
1997-08-06 16:00:00-04:00,0.0,1.4063,1.3438,1.3438,12700,0.0,0.0,0.0,0.0,0.0
1997-08-07 16:00:00-04:00,0.0,1.4063,1.3438,1.3438,20500,0.0,0.0,0.0,0.0,0.0
1997-08-08 16:00:00-04:00,0.0,1.4063,1.3438,1.4063,14500,0.0,0.0,0.0,0.0,0.0
1997-08-11 16:00:00-04:00,0.0,1.5625,1.3438,1.5,116800,0.0,0.0,0.0,0.0,0.0
1997-08-12 16:00:00-04:00,0.0,1.5938,1.375,1.4688,48400,0.0,0.0,0.0,0.0,0.0
1997-08-13 16:00:00-04:00,0.0,1.4688,1.375,1.4688,26400,0.0,0.0,0.0,0.0,0.0
1997-08-14 16:00:00-04:00,0.0,1.5,1.375,1.5,43900,0.0,0.0,0.0,0.0,0.0
1997-08-15 16:00:00-04:00,0.0,1.5625,1.4375,1.5,15800,0.0,0.0,0.0,0.0,0.0
1997-08-18 16:00:00-04:00,0.0,1.5,1.375,1.4375,19800,0.0,0.0,0.0,0.0,0.0
1997-08-19 16:00:00-04:00,0.0,1.625,1.375,1.5,5600,0.0,0.0,0.0,0.0,0.0
1997-08-20 16:00:00-04:00,0.0,1.5,1.4375,1.5,8000,0.0,0.0,0.0,0.0,0.0
1997-08-21 16:00:00-04:00,0.0,1.625,1.4375,1.4375,22200,0.0,0.0,0.0,0.0,0.0
1997-08-22 16:00:00-04:00,0.0,1.625,1.375,1.625,9500,0.0,0.0,0.0,0.0,0.0
1997-08-25 16:00:00-04:00,0.0,1.625,1.375,1.5,28100,0.0,0.0,0.0,0.0,0.0
1997-08-26 16:00:00-04:00,0.0,1.5625,1.375,1.375,25800,0.0,0.0,0.0,0.0,0.0
1997-08-27 16:00:00-04:00,0.0,1.5625,1.4375,1.5,23700,0.0,0.0,0.0,0.0,0.0
1997-08-28 16:00:00-04:00,0.0,1.625,1.375,1.375,35500,0.0,0.0,0.0,0.0,0.0
1997-08-29 16:00:00-04:00,0.0,1.5625,1.375,1.5625,15800,0.0,0.0,0.0,0.0,0.0
1997-09-02 16:00:00-04:00,0.0,1.5625,1.375,1.5,26500,0.0,0.0,0.0,0.0,0.0
1997-09-03 16:00:00-04:00,0.0,1.5625,1.375,1.5,3200,0.0,0.0,0.0,0.0,0.0
1997-09-04 16:00:00-04:00,0.0,1.5625,1.375,1.375,15800,0.0,0.0,0.0,0.0,0.0
1997-09-05 16:00:00-04:00,0.0,1.5625,1.375,1.5625,82900,0.0,0.0,0.0,0.0,0.0
1997-09-08 16:00:00-04:00,0.0,1.625,1.4375,1.5313,67600,0.0,0.0,0.0,0.0,0.0
1997-09-09 16:00:00-04:00,0.0,1.5625,1.4375,1.4375,11700,0.0,0.0,0.0,0.0,0.0
1997-09-10 16:00:00-04:00,0.0,1.6875,1.4375,1.625,48500,0.0,0.0,0.0,0.0,0.0
1997-09-11 16:00:00-04:00,0.0,1.8125,1.5313,1.625,66800,0.0,0.0,0.0,0.0,0.0
1997-09-12 16:00:00-04:00,0.0,1.8125,1.5625,1.6875,14500,0.0,0.0,0.0,0.0,0.0
1997-09-15 16:00:00-04:00,0.0,2.0,1.625,2.0,77800,0.0,0.0,0.0,0.0,0.0
1997-09-16 16:00:00-04:00,0.0,2.0,1.625,1.75,74600,0.0,0.0,0.0,0.0,0.0
1997-09-17 16:00:00-04:00,0.0,2.0625,1.75,2.0625,55600,0.0,0.0,0.0,0.0,0.0
1997-09-18 16:00:00-04:00,0.0,2.0625,1.875,2.0625,25400,0.0,0.0,0.0,0.0,0.0
1997-09-19 16:00:00-04:00,0.0,2.4375,2.0,2.3438,159100,0.0,0.0,0.0,0.0,0.0
1997-09-22 16:00:00-04:00,0.0,2.375,1.9375,2.125,199500,0.0,0.0,0.0,0.0,0.0
1997-09-23 16:00:00-04:00,0.0,2.4375,2.0625,2.125,50600,0.0,0.0,0.0,0.0,0.0
1997-09-24 16:00:00-04:00,0.0,2.25,2.0,2.1875,49400,0.0,0.0,0.0,0.0,0.0
1997-09-25 16:00:00-04:00,0.0,2.375,2.125,2.2188,78100,0.0,0.0,0.0,0.0,0.0
1997-09-26 16:00:00-04:00,0.0,2.375,2.0313,2.0625,65300,0.0,0.0,0.0,0.0,0.0
1997-09-29 16:00:00-04:00,0.0,2.125,2.0313,2.0625,13600,0.0,0.0,0.0,0.0,0.0
1997-09-30 16:00:00-04:00,0.0,2.3125,2.0625,2.0625,39700,0.0,0.0,0.0,0.0,0.0
1997-10-01 16:00:00-04:00,0.0,2.25,2.0625,2.0625,20000,0.0,0.0,0.0,0.0,0.0
1997-10-02 16:00:00-04:00,0.0,2.125,2.0625,2.0625,10800,0.0,0.0,0.0,0.0,0.0
1997-10-03 16:00:00-04:00,0.0,2.1563,2.0625,2.0625,36300,0.0,0.0,0.0,0.0,0.0
1997-10-06 16:00:00-04:00,0.0,2.125,2.0625,2.0625,28800,0.0,0.0,0.0,0.0,0.0
1997-10-07 16:00:00-04:00,0.0,2.1563,2.0938,2.1563,20400,0.0,0.0,0.0,0.0,0.0
1997-10-08 16:00:00-04:00,0.0,2.1875,2.125,2.125,22000,0.0,0.0,0.0,0.0,0.0
1997-10-09 16:00:00-04:00,0.0,2.1563,2.0625,2.0625,14400,0.0,0.0,0.0,0.0,0.0
1997-10-10 16:00:00-04:00,0.0,2.125,2.0,2.125,12800,0.0,0.0,0.0,0.0,0.0
1997-10-13 16:00:00-04:00,0.0,2.25,2.0313,2.0625,144900,0.0,0.0,0.0,0.0,0.0
1997-10-14 16:00:00-04:00,0.0,2.0625,2.0,2.0,44200,0.0,0.0,0.0,0.0,0.0
1997-10-15 16:00:00-04:00,0.0,2.0625,1.875,2.0,64600,0.0,0.0,0.0,0.0,0.0
1997-10-16 16:00:00-04:00,0.0,2.0625,1.875,2.0,47400,0.0,0.0,0.0,0.0,0.0
1997-10-17 16:00:00-04:00,0.0,2.0,1.8125,2.0,44100,0.0,0.0,0.0,0.0,0.0
1997-10-20 16:00:00-04:00,0.0,1.9688,1.875,1.875,12100,0.0,0.0,0.0,0.0,0.0
1997-10-21 16:00:00-04:00,0.0,1.9688,1.8125,1.9375,9300,0.0,0.0,0.0,0.0,0.0
1997-10-22 16:00:00-04:00,0.0,1.9375,1.75,1.75,34500,0.0,0.0,0.0,0.0,0.0
1997-10-23 16:00:00-04:00,0.0,1.9375,1.75,1.875,46300,0.0,0.0,0.0,0.0,0.0
1997-10-24 16:00:00-04:00,0.0,1.875,1.75,1.875,8200,0.0,0.0,0.0,0.0,0.0
1997-10-27 16:00:00-05:00,0.0,1.875,1.4688,1.5,172600,0.0,0.0,0.0,0.0,0.0
1997-10-28 16:00:00-05:00,0.0,1.625,1.4688,1.5,501200,0.0,0.0,0.0,0.0,0.0
1997-10-29 16:00:00-05:00,0.0,2.1875,1.6875,1.875,117300,0.0,0.0,0.0,0.0,0.0
1997-10-30 16:00:00-05:00,0.0,1.9688,1.75,1.9688,10200,0.0,0.0,0.0,0.0,0.0
1997-10-31 16:00:00-05:00,0.0,2.0,1.7813,1.9063,5200,0.0,0.0,0.0,0.0,0.0
1997-11-03 16:00:00-05:00,0.0,1.9063,1.6875,1.9063,10000,0.0,0.0,0.0,0.0,0.0
1997-11-04 16:00:00-05:00,0.0,1.9063,1.6563,1.8438,11700,0.0,0.0,0.0,0.0,0.0
1997-11-05 16:00:00-05:00,0.0,1.9063,1.7188,1.9063,11300,0.0,0.0,0.0,0.0,0.0
1997-11-06 16:00:00-05:00,0.0,1.9063,1.6875,1.9063,446600,0.0,0.0,0.0,0.0,0.0
1997-11-07 16:00:00-05:00,0.0,2.0,1.8125,1.875,8500,0.0,0.0,0.0,0.0,0.0
1997-11-10 16:00:00-05:00,0.0,2.0625,1.9063,1.9688,20200,0.0,0.0,0.0,0.0,0.0
1997-11-11 16:00:00-05:00,0.0,2.125,2.0,2.0938,69400,0.0,0.0,0.0,0.0,0.0
1997-11-12 16:00:00-05:00,0.0,2.0938,1.9375,1.9375,35600,0.0,0.0,0.0,0.0,0.0
1997-11-13 16:00:00-05:00,0.0,2.0,1.5781,1.9375,414300,0.0,0.0,0.0,0.0,0.0
1997-11-14 16:00:00-05:00,0.0,2.125,2.0,2.0,45200,0.0,0.0,0.0,0.0,0.0
1997-11-17 16:00:00-05:00,0.0,2.0625,2.0,2.0313,30500,0.0,0.0,0.0,0.0,0.0
1997-11-18 16:00:00-05:00,0.0,2.1563,2.0,2.0313,33700,0.0,0.0,0.0,0.0,0.0
1997-11-19 16:00:00-05:00,0.0,2.0313,1.9688,1.9688,35700,0.0,0.0,0.0,0.0,0.0
1997-11-20 16:00:00-05:00,0.0,2.0313,1.9688,1.9688,2900,0.0,0.0,0.0,0.0,0.0
1997-11-21 16:00:00-05:00,0.0,2.0625,1.9375,1.9375,10900,0.0,0.0,0.0,0.0,0.0
1997-11-24 16:00:00-05:00,0.0,2.0,1.9375,1.9688,10100,0.0,0.0,0.0,0.0,0.0
1997-11-25 16:00:00-05:00,0.0,1.9688,1.9375,1.9375,11000,0.0,0.0,0.0,0.0,0.0
1997-11-26 16:00:00-05:00,0.0,2.0,1.9375,2.0,12300,0.0,0.0,0.0,0.0,0.0
1997-11-28 16:00:00-05:00,0.0,2.0,1.9375,2.0,13400,0.0,0.0,0.0,0.0,0.0
1997-12-01 16:00:00-05:00,0.0,2.0,1.9375,1.9375,110500,0.0,0.0,0.0,0.0,0.0
1997-12-02 16:00:00-05:00,0.0,2.125,1.9375,2.0,43000,0.0,0.0,0.0,0.0,0.0
1997-12-03 16:00:00-05:00,0.0,2.0,1.9375,2.0,22300,0.0,0.0,0.0,0.0,0.0
1997-12-04 16:00:00-05:00,0.0,1.9375,1.9375,1.9375,4600,0.0,0.0,0.0,0.0,0.0
1997-12-05 16:00:00-05:00,0.0,2.0625,1.9375,2.0,57400,0.0,0.0,0.0,0.0,0.0
1997-12-08 16:00:00-05:00,0.0,2.0,1.9375,1.9688,63400,0.0,0.0,0.0,0.0,0.0
1997-12-09 16:00:00-05:00,0.0,2.0,1.9375,1.9375,12800,0.0,0.0,0.0,0.0,0.0
1997-12-10 16:00:00-05:00,0.0,1.9688,1.9375,1.9688,21300,0.0,0.0,0.0,0.0,0.0
1997-12-11 16:00:00-05:00,0.0,1.875,1.75,1.75,32000,0.0,0.0,0.0,0.0,0.0
1997-12-12 16:00:00-05:00,0.0,1.875,1.625,1.875,61000,0.0,0.0,0.0,0.0,0.0
1997-12-15 16:00:00-05:00,0.0,1.75,1.6875,1.75,51700,0.0,0.0,0.0,0.0,0.0
1997-12-16 16:00:00-05:00,0.0,1.875,1.625,1.75,44100,0.0,0.0,0.0,0.0,0.0
1997-12-17 16:00:00-05:00,0.0,1.875,1.6875,1.75,8700,0.0,0.0,0.0,0.0,0.0
1997-12-18 16:00:00-05:00,0.0,1.75,1.6875,1.6875,4900,0.0,0.0,0.0,0.0,0.0
1997-12-19 16:00:00-05:00,0.0,1.875,1.5625,1.6563,21500,0.0,0.0,0.0,0.0,0.0
1997-12-22 16:00:00-05:00,0.0,1.625,1.5,1.5,49400,0.0,0.0,0.0,0.0,0.0
1997-12-23 16:00:00-05:00,0.0,1.6563,1.5,1.5,28400,0.0,0.0,0.0,0.0,0.0
1997-12-24 16:00:00-05:00,0.0,1.625,1.5,1.625,48800,0.0,0.0,0.0,0.0,0.0
1997-12-26 16:00:00-05:00,0.0,1.625,1.5,1.625,38300,0.0,0.0,0.0,0.0,0.0
1997-12-29 16:00:00-05:00,0.0,1.5,1.3438,1.5,71200,0.0,0.0,0.0,0.0,0.0
1997-12-30 16:00:00-05:00,0.0,1.75,1.5,1.5,95800,0.0,0.0,0.0,0.0,0.0
1997-12-31 16:00:00-05:00,0.0,1.625,1.5,1.5,39600,0.0,0.0,0.0,0.0,0.0
1998-01-02 16:00:00-05:00,0.0,1.6563,1.5625,1.5625,16600,0.0,0.0,0.0,0.0,0.0
1998-01-05 16:00:00-05:00,0.0,1.75,1.625,1.625,48200,0.0,0.0,0.0,0.0,0.0
1998-01-06 16:00:00-05:00,0.0,1.8438,1.75,1.8125,88000,0.0,0.0,0.0,0.0,0.0
1998-01-07 16:00:00-05:00,0.0,1.8125,1.8125,1.8125,11000,0.0,0.0,0.0,0.0,0.0
1998-01-08 16:00:00-05:00,0.0,1.8438,1.6875,1.75,56000,0.0,0.0,0.0,0.0,0.0
1998-01-09 16:00:00-05:00,0.0,1.8125,1.75,1.8125,5300,0.0,0.0,0.0,0.0,0.0
1998-01-12 16:00:00-05:00,0.0,1.875,1.75,1.75,32200,0.0,0.0,0.0,0.0,0.0
1998-01-13 16:00:00-05:00,0.0,1.75,1.75,1.75,8700,0.0,0.0,0.0,0.0,0.0
1998-01-14 16:00:00-05:00,0.0,1.75,1.7188,1.7188,5800,0.0,0.0,0.0,0.0,0.0
1998-01-15 16:00:00-05:00,0.0,1.75,1.6875,1.6875,19000,0.0,0.0,0.0,0.0,0.0
1998-01-16 16:00:00-05:00,0.0,1.6875,1.625,1.625,4000,0.0,0.0,0.0,0.0,0.0
1998-01-20 16:00:00-05:00,0.0,1.7188,1.625,1.625,12200,0.0,0.0,0.0,0.0,0.0
1998-01-21 16:00:00-05:00,0.0,1.7188,1.375,1.5,59000,0.0,0.0,0.0,0.0,0.0
1998-01-22 16:00:00-05:00,0.0,1.5,1.375,1.5,30200,0.0,0.0,0.0,0.0,0.0
1998-01-23 16:00:00-05:00,0.0,1.5938,1.4375,1.5625,22800,0.0,0.0,0.0,0.0,0.0
1998-01-26 16:00:00-05:00,0.0,1.6875,1.5,1.5938,33300,0.0,0.0,0.0,0.0,0.0
1998-01-27 16:00:00-05:00,0.0,1.6875,1.5313,1.6875,5800,0.0,0.0,0.0,0.0,0.0
1998-01-28 16:00:00-05:00,0.0,1.75,1.5313,1.75,8500,0.0,0.0,0.0,0.0,0.0
1998-01-29 16:00:00-05:00,0.0,1.625,1.5938,1.5938,6500,0.0,0.0,0.0,0.0,0.0
1998-01-30 16:00:00-05:00,0.0,1.75,1.5625,1.625,13700,0.0,0.0,0.0,0.0,0.0
1998-02-02 16:00:00-05:00,0.0,1.625,1.5625,1.5625,5600,0.0,0.0,0.0,0.0,0.0
1998-02-03 16:00:00-05:00,0.0,1.625,1.5625,1.5625,14500,0.0,0.0,0.0,0.0,0.0
1998-02-04 16:00:00-05:00,0.0,1.75,1.5625,1.75,20900,0.0,0.0,0.0,0.0,0.0
1998-02-05 16:00:00-05:00,0.0,1.75,1.625,1.625,43200,0.0,0.0,0.0,0.0,0.0
1998-02-06 16:00:00-05:00,0.0,1.6875,1.625,1.625,5900,0.0,0.0,0.0,0.0,0.0
1998-02-09 16:00:00-05:00,0.0,1.6875,1.5625,1.5625,3500,0.0,0.0,0.0,0.0,0.0
1998-02-10 16:00:00-05:00,0.0,1.6875,1.5625,1.5938,34600,0.0,0.0,0.0,0.0,0.0
1998-02-11 16:00:00-05:00,0.0,1.75,1.625,1.6875,33800,0.0,0.0,0.0,0.0,0.0
1998-02-12 16:00:00-05:00,0.0,1.6875,1.625,1.6563,46600,0.0,0.0,0.0,0.0,0.0
1998-02-13 16:00:00-05:00,0.0,1.6875,1.5625,1.6875,69800,0.0,0.0,0.0,0.0,0.0
1998-02-17 16:00:00-05:00,0.0,1.7188,1.5625,1.625,5200,0.0,0.0,0.0,0.0,0.0
1998-02-18 16:00:00-05:00,0.0,1.7188,1.625,1.7188,5300,0.0,0.0,0.0,0.0,0.0
1998-02-19 16:00:00-05:00,0.0,1.875,1.7188,1.8438,43500,0.0,0.0,0.0,0.0,0.0
1998-02-20 16:00:00-05:00,0.0,2.0,1.8125,2.0,51000,0.0,0.0,0.0,0.0,0.0
1998-02-23 16:00:00-05:00,0.0,2.0,1.9375,1.9688,67800,0.0,0.0,0.0,0.0,0.0
1998-02-24 16:00:00-05:00,0.0,2.0,1.9063,1.9375,7200,0.0,0.0,0.0,0.0,0.0
1998-02-25 16:00:00-05:00,0.0,1.9688,1.875,1.875,6900,0.0,0.0,0.0,0.0,0.0
1998-02-26 16:00:00-05:00,0.0,1.9375,1.8438,1.8438,13700,0.0,0.0,0.0,0.0,0.0
1998-02-27 16:00:00-05:00,0.0,1.9688,1.8125,1.8125,7300,0.0,0.0,0.0,0.0,0.0
1998-03-02 16:00:00-05:00,0.0,1.8125,1.75,1.8125,15000,0.0,0.0,0.0,0.0,0.0
1998-03-03 16:00:00-05:00,0.0,1.875,1.8125,1.875,17100,0.0,0.0,0.0,0.0,0.0
1998-03-04 16:00:00-05:00,0.0,1.9375,1.7969,1.8125,40300,0.0,0.0,0.0,0.0,0.0
1998-03-05 16:00:00-05:00,0.0,1.8125,1.8125,1.8125,7800,0.0,0.0,0.0,0.0,0.0
1998-03-06 16:00:00-05:00,0.0,1.875,1.8125,1.8438,15900,0.0,0.0,0.0,0.0,0.0
1998-03-09 16:00:00-05:00,0.0,1.9375,1.8438,1.875,51700,0.0,0.0,0.0,0.0,0.0
1998-03-10 16:00:00-05:00,0.0,1.875,1.875,1.875,14900,0.0,0.0,0.0,0.0,0.0
1998-03-11 16:00:00-05:00,0.0,1.9063,1.875,1.875,17100,0.0,0.0,0.0,0.0,0.0
1998-03-12 16:00:00-05:00,0.0,1.9063,1.875,1.9063,3000,0.0,0.0,0.0,0.0,0.0
1998-03-13 16:00:00-05:00,0.0,1.875,1.8438,1.8438,16400,0.0,0.0,0.0,0.0,0.0
1998-03-16 16:00:00-05:00,0.0,1.8438,1.8438,1.8438,26900,0.0,0.0,0.0,0.0,0.0
1998-03-17 16:00:00-05:00,0.0,1.8438,1.7813,1.7813,27600,0.0,0.0,0.0,0.0,0.0
1998-03-18 16:00:00-05:00,0.0,1.75,1.75,1.75,1400,0.0,0.0,0.0,0.0,0.0
1998-03-19 16:00:00-05:00,0.0,1.875,1.6875,1.75,29300,0.0,0.0,0.0,0.0,0.0
1998-03-20 16:00:00-05:00,0.0,1.875,1.75,1.875,28900,0.0,0.0,0.0,0.0,0.0
1998-03-23 16:00:00-05:00,0.0,1.75,1.75,1.75,2000,0.0,0.0,0.0,0.0,0.0
1998-03-24 16:00:00-05:00,0.0,1.8125,1.625,1.8125,168100,0.0,0.0,0.0,0.0,0.0
1998-03-25 16:00:00-05:00,0.0,1.875,1.7813,1.8125,158700,0.0,0.0,0.0,0.0,0.0
1998-03-26 16:00:00-05:00,0.0,1.875,1.8438,1.8438,13000,0.0,0.0,0.0,0.0,0.0
1998-03-27 16:00:00-05:00,0.0,2.0938,1.875,1.9063,175300,0.0,0.0,0.0,0.0,0.0
1998-03-30 16:00:00-05:00,0.0,2.0625,1.9375,1.9375,6500,0.0,0.0,0.0,0.0,0.0
1998-03-31 16:00:00-05:00,0.0,1.9375,1.9375,1.9375,31800,0.0,0.0,0.0,0.0,0.0
1998-04-01 16:00:00-05:00,0.0,2.0,1.8125,1.8125,15500,0.0,0.0,0.0,0.0,0.0
1998-04-02 16:00:00-05:00,0.0,1.9375,1.8125,1.9375,12500,0.0,0.0,0.0,0.0,0.0
1998-04-03 16:00:00-05:00,0.0,1.9688,1.9063,1.9375,16000,0.0,0.0,0.0,0.0,0.0
1998-04-06 16:00:00-04:00,0.0,1.9688,1.9375,1.9688,7100,0.0,0.0,0.0,0.0,0.0
1998-04-07 16:00:00-04:00,0.0,2.0,1.9375,1.9375,9500,0.0,0.0,0.0,0.0,0.0
1998-04-08 16:00:00-04:00,0.0,2.0313,1.9375,2.0,68500,0.0,0.0,0.0,0.0,0.0
1998-04-09 16:00:00-04:00,0.0,2.0,1.9375,1.9375,6900,0.0,0.0,0.0,0.0,0.0
1998-04-13 16:00:00-04:00,0.0,2.0625,1.9375,2.0,14500,0.0,0.0,0.0,0.0,0.0
1998-04-14 16:00:00-04:00,0.0,2.0625,1.9375,2.0,7700,0.0,0.0,0.0,0.0,0.0
1998-04-15 16:00:00-04:00,0.0,2.0,1.75,1.75,35600,0.0,0.0,0.0,0.0,0.0
1998-04-16 16:00:00-04:00,0.0,1.875,1.75,1.75,6600,0.0,0.0,0.0,0.0,0.0
1998-04-17 16:00:00-04:00,0.0,1.875,1.75,1.875,12500,0.0,0.0,0.0,0.0,0.0
1998-04-20 16:00:00-04:00,0.0,1.875,1.625,1.6875,64000,0.0,0.0,0.0,0.0,0.0
1998-04-21 16:00:00-04:00,0.0,1.875,1.5625,1.6875,659100,0.0,0.0,0.0,0.0,0.0
1998-04-22 16:00:00-04:00,0.0,1.9375,1.75,1.875,63400,0.0,0.0,0.0,0.0,0.0
1998-04-23 16:00:00-04:00,0.0,2.0938,1.9375,2.0625,143100,0.0,0.0,0.0,0.0,0.0
1998-04-24 16:00:00-04:00,0.0,2.125,2.0313,2.125,74000,0.0,0.0,0.0,0.0,0.0
1998-04-27 16:00:00-04:00,0.0,2.1563,2.0313,2.1563,35100,0.0,0.0,0.0,0.0,0.0
1998-04-28 16:00:00-04:00,0.0,2.25,2.0313,2.25,55900,0.0,0.0,0.0,0.0,0.0
1998-04-29 16:00:00-04:00,0.0,2.375,2.1875,2.2813,73500,0.0,0.0,0.0,0.0,0.0
1998-04-30 16:00:00-04:00,0.0,2.375,2.3125,2.3125,31100,0.0,0.0,0.0,0.0,0.0
1998-05-01 16:00:00-04:00,0.0,2.4688,2.375,2.4375,16600,0.0,0.0,0.0,0.0,0.0
1998-05-04 16:00:00-04:00,0.0,2.4375,2.3125,2.375,11700,0.0,0.0,0.0,0.0,0.0
1998-05-05 16:00:00-04:00,0.0,2.3125,2.25,2.25,14000,0.0,0.0,0.0,0.0,0.0
1998-05-06 16:00:00-04:00,0.0,2.25,2.1563,2.1875,13700,0.0,0.0,0.0,0.0,0.0
1998-05-07 16:00:00-04:00,0.0,2.1563,2.125,2.125,5400,0.0,0.0,0.0,0.0,0.0
1998-05-08 16:00:00-04:00,0.0,2.125,2.0,2.0625,13300,0.0,0.0,0.0,0.0,0.0
1998-05-11 16:00:00-04:00,0.0,2.0938,2.0,2.0,5700,0.0,0.0,0.0,0.0,0.0
1998-05-12 16:00:00-04:00,0.0,2.0625,1.9688,2.0,20400,0.0,0.0,0.0,0.0,0.0
1998-05-13 16:00:00-04:00,0.0,2.0625,2.0313,2.0625,14700,0.0,0.0,0.0,0.0,0.0
1998-05-14 16:00:00-04:00,0.0,2.25,1.875,2.25,36400,0.0,0.0,0.0,0.0,0.0
1998-05-15 16:00:00-04:00,0.0,2.25,2.125,2.125,5800,0.0,0.0,0.0,0.0,0.0
1998-05-18 16:00:00-04:00,0.0,2.125,2.125,2.125,4800,0.0,0.0,0.0,0.0,0.0
1998-05-19 16:00:00-04:00,0.0,2.0625,1.875,1.9375,47800,0.0,0.0,0.0,0.0,0.0
1998-05-20 16:00:00-04:00,0.0,2.0,1.9375,1.9375,5400,0.0,0.0,0.0,0.0,0.0
1998-05-21 16:00:00-04:00,0.0,2.0625,1.875,2.0313,9900,0.0,0.0,0.0,0.0,0.0
1998-05-22 16:00:00-04:00,0.0,2.0313,1.9063,2.0313,5600,0.0,0.0,0.0,0.0,0.0
1998-05-26 16:00:00-04:00,0.0,2.0,1.875,1.875,39700,0.0,0.0,0.0,0.0,0.0
1998-05-27 16:00:00-04:00,0.0,1.9375,1.875,1.875,13700,0.0,0.0,0.0,0.0,0.0
1998-05-28 16:00:00-04:00,0.0,1.9375,1.8125,1.875,9900,0.0,0.0,0.0,0.0,0.0
1998-05-29 16:00:00-04:00,0.0,1.9375,1.875,1.9375,4500,0.0,0.0,0.0,0.0,0.0
1998-06-01 16:00:00-04:00,0.0,1.875,1.875,1.875,500,0.0,0.0,0.0,0.0,0.0
1998-06-02 16:00:00-04:00,0.0,1.875,1.7813,1.7813,10000,0.0,0.0,0.0,0.0,0.0
1998-06-03 16:00:00-04:00,0.0,1.9375,1.8125,1.875,32000,0.0,0.0,0.0,0.0,0.0
1998-06-04 16:00:00-04:00,0.0,2.2188,1.8438,2.2188,90700,0.0,0.0,0.0,0.0,0.0
1998-06-05 16:00:00-04:00,0.0,2.0625,1.9375,2.0625,36700,0.0,0.0,0.0,0.0,0.0
1998-06-08 16:00:00-04:00,0.0,2.0625,1.9375,1.9375,4400,0.0,0.0,0.0,0.0,0.0
1998-06-09 16:00:00-04:00,0.0,2.0,2.0,2.0,1000,0.0,0.0,0.0,0.0,0.0
1998-06-10 16:00:00-04:00,0.0,2.0,1.9375,1.9375,2000,0.0,0.0,0.0,0.0,0.0
1998-06-11 16:00:00-04:00,0.0,2.0,1.875,1.875,16500,0.0,0.0,0.0,0.0,0.0
1998-06-12 16:00:00-04:00,0.0,1.9375,1.875,1.9375,10500,0.0,0.0,0.0,0.0,0.0
1998-06-15 16:00:00-04:00,0.0,1.9375,1.8438,1.9375,6800,0.0,0.0,0.0,0.0,0.0
1998-06-16 16:00:00-04:00,0.0,1.9063,1.8438,1.9063,2600,0.0,0.0,0.0,0.0,0.0
1998-06-17 16:00:00-04:00,0.0,1.875,1.8438,1.8438,13500,0.0,0.0,0.0,0.0,0.0
1998-06-18 16:00:00-04:00,0.0,1.875,1.7813,1.7813,13500,0.0,0.0,0.0,0.0,0.0
1998-06-19 16:00:00-04:00,0.0,1.8438,1.5313,1.5938,90600,0.0,0.0,0.0,0.0,0.0
1998-06-22 16:00:00-04:00,0.0,1.6875,1.5625,1.5938,34200,0.0,0.0,0.0,0.0,0.0
1998-06-23 16:00:00-04:00,0.0,1.625,1.5938,1.625,1800,0.0,0.0,0.0,0.0,0.0
1998-06-24 16:00:00-04:00,0.0,1.6875,1.625,1.6563,13600,0.0,0.0,0.0,0.0,0.0
1998-06-25 16:00:00-04:00,0.0,1.6875,1.625,1.6875,7000,0.0,0.0,0.0,0.0,0.0
1998-06-26 16:00:00-04:00,0.0,1.6875,1.625,1.625,3500,0.0,0.0,0.0,0.0,0.0
1998-06-29 16:00:00-04:00,0.0,1.6875,1.6875,1.6875,13900,0.0,0.0,0.0,0.0,0.0
1998-06-30 16:00:00-04:00,0.0,1.75,1.75,1.75,1800,0.0,0.0,0.0,0.0,0.0
1998-07-01 16:00:00-04:00,0.0,1.75,1.6875,1.75,16000,0.0,0.0,0.0,0.0,0.0
1998-07-02 16:00:00-04:00,0.0,1.75,1.6875,1.6875,7700,0.0,0.0,0.0,0.0,0.0
1998-07-06 16:00:00-04:00,0.0,1.75,1.6875,1.75,13200,0.0,0.0,0.0,0.0,0.0
1998-07-07 16:00:00-04:00,0.0,1.75,1.6875,1.7188,3400,0.0,0.0,0.0,0.0,0.0
1998-07-08 16:00:00-04:00,0.0,1.6875,1.6875,1.6875,800,0.0,0.0,0.0,0.0,0.0
1998-07-09 16:00:00-04:00,0.0,1.7188,1.6875,1.7188,7300,0.0,0.0,0.0,0.0,0.0
1998-07-10 16:00:00-04:00,0.0,1.75,1.6875,1.7188,7700,0.0,0.0,0.0,0.0,0.0
1998-07-13 16:00:00-04:00,0.0,1.7188,1.6875,1.6875,4100,0.0,0.0,0.0,0.0,0.0
1998-07-14 16:00:00-04:00,0.0,1.6875,1.5625,1.625,45000,0.0,0.0,0.0,0.0,0.0
1998-07-15 16:00:00-04:00,0.0,1.5625,1.4375,1.5,126100,0.0,0.0,0.0,0.0,0.0
1998-07-16 16:00:00-04:00,0.0,1.625,1.5,1.5313,90700,0.0,0.0,0.0,0.0,0.0
1998-07-17 16:00:00-04:00,0.0,1.625,1.5938,1.5938,6000,0.0,0.0,0.0,0.0,0.0
1998-07-20 16:00:00-04:00,0.0,1.8125,1.6563,1.75,6600,0.0,0.0,0.0,0.0,0.0
1998-07-21 16:00:00-04:00,0.0,1.75,1.6875,1.75,5500,0.0,0.0,0.0,0.0,0.0
1998-07-22 16:00:00-04:00,0.0,1.7188,1.6875,1.6875,9400,0.0,0.0,0.0,0.0,0.0
1998-07-23 16:00:00-04:00,0.0,1.75,1.6875,1.75,39200,0.0,0.0,0.0,0.0,0.0
1998-07-24 16:00:00-04:00,0.0,1.75,1.6875,1.7188,25700,0.0,0.0,0.0,0.0,0.0
1998-07-27 16:00:00-04:00,0.0,1.8438,1.7188,1.75,21200,0.0,0.0,0.0,0.0,0.0
1998-07-28 16:00:00-04:00,0.0,1.8125,1.75,1.8125,15700,0.0,0.0,0.0,0.0,0.0
1998-07-29 16:00:00-04:00,0.0,1.7813,1.6875,1.75,100200,0.0,0.0,0.0,0.0,0.0
1998-07-30 16:00:00-04:00,0.0,1.7188,1.625,1.6875,92900,0.0,0.0,0.0,0.0,0.0
1998-07-31 16:00:00-04:00,0.0,1.7188,1.625,1.7188,2300,0.0,0.0,0.0,0.0,0.0
1998-08-03 16:00:00-04:00,0.0,1.6563,1.6563,1.6563,6200,0.0,0.0,0.0,0.0,0.0
1998-08-04 16:00:00-04:00,0.0,1.6875,1.625,1.6875,80600,0.0,0.0,0.0,0.0,0.0
1998-08-05 16:00:00-04:00,0.0,1.6875,1.625,1.625,3500,0.0,0.0,0.0,0.0,0.0
1998-08-06 16:00:00-04:00,0.0,1.75,1.5938,1.75,37100,0.0,0.0,0.0,0.0,0.0
1998-08-07 16:00:00-04:00,0.0,1.8125,1.8125,1.8125,200,0.0,0.0,0.0,0.0,0.0
1998-08-10 16:00:00-04:00,0.0,1.875,1.7813,1.875,7200,0.0,0.0,0.0,0.0,0.0
1998-08-11 16:00:00-04:00,0.0,1.875,1.8125,1.875,6800,0.0,0.0,0.0,0.0,0.0
1998-08-12 16:00:00-04:00,0.0,1.9375,1.8125,1.9375,7500,0.0,0.0,0.0,0.0,0.0
1998-08-13 16:00:00-04:00,0.0,2.0,1.875,1.9375,36000,0.0,0.0,0.0,0.0,0.0
1998-08-14 16:00:00-04:00,0.0,2.0313,1.9375,1.9375,67100,0.0,0.0,0.0,0.0,0.0
1998-08-17 16:00:00-04:00,0.0,2.0,1.875,1.875,53000,0.0,0.0,0.0,0.0,0.0
1998-08-18 16:00:00-04:00,0.0,1.875,1.875,1.875,300,0.0,0.0,0.0,0.0,0.0
1998-08-19 16:00:00-04:00,0.0,1.9063,1.875,1.875,2500,0.0,0.0,0.0,0.0,0.0
1998-08-20 16:00:00-04:00,0.0,1.9375,1.875,1.9375,33100,0.0,0.0,0.0,0.0,0.0
1998-08-21 16:00:00-04:00,0.0,1.9688,1.875,1.9688,9900,0.0,0.0,0.0,0.0,0.0
1998-08-24 16:00:00-04:00,0.0,1.9375,1.875,1.9375,13000,0.0,0.0,0.0,0.0,0.0
1998-08-25 16:00:00-04:00,0.0,1.875,1.875,1.875,500,0.0,0.0,0.0,0.0,0.0
1998-08-26 16:00:00-04:00,0.0,1.9375,1.875,1.9375,17000,0.0,0.0,0.0,0.0,0.0
1998-08-27 16:00:00-04:00,0.0,1.7813,1.7813,1.7813,3700,0.0,0.0,0.0,0.0,0.0
1998-08-28 16:00:00-04:00,0.0,1.75,1.5625,1.5625,11700,0.0,0.0,0.0,0.0,0.0
1998-08-31 16:00:00-04:00,0.0,1.5625,1.5,1.5,32600,0.0,0.0,0.0,0.0,0.0
1998-09-01 16:00:00-04:00,0.0,1.375,1.1563,1.375,45800,0.0,0.0,0.0,0.0,0.0
1998-09-02 16:00:00-04:00,0.0,1.4688,1.3125,1.375,3400,0.0,0.0,0.0,0.0,0.0
1998-09-03 16:00:00-04:00,0.0,1.4688,1.4063,1.4063,6800,0.0,0.0,0.0,0.0,0.0
1998-09-04 16:00:00-04:00,0.0,1.4688,1.375,1.375,18200,0.0,0.0,0.0,0.0,0.0
1998-09-08 16:00:00-04:00,0.0,1.6875,1.5313,1.5625,7100,0.0,0.0,0.0,0.0,0.0
1998-09-09 16:00:00-04:00,0.0,1.5,1.5,1.5,15500,0.0,0.0,0.0,0.0,0.0
1998-09-10 16:00:00-04:00,0.0,1.5625,1.5,1.5,22300,0.0,0.0,0.0,0.0,0.0
1998-09-11 16:00:00-04:00,0.0,1.4375,1.375,1.375,2700,0.0,0.0,0.0,0.0,0.0
1998-09-14 16:00:00-04:00,0.0,1.5,1.4375,1.5,26000,0.0,0.0,0.0,0.0,0.0
1998-09-15 16:00:00-04:00,0.0,1.5625,1.3125,1.5625,36700,0.0,0.0,0.0,0.0,0.0
1998-09-16 16:00:00-04:00,0.0,1.625,1.5,1.5625,9700,0.0,0.0,0.0,0.0,0.0
1998-09-17 16:00:00-04:00,0.0,1.5625,1.2813,1.2813,10700,0.0,0.0,0.0,0.0,0.0
1998-09-18 16:00:00-04:00,0.0,1.5,1.2813,1.3438,18200,0.0,0.0,0.0,0.0,0.0
1998-09-21 16:00:00-04:00,0.0,1.5625,1.3438,1.5625,11500,0.0,0.0,0.0,0.0,0.0
1998-09-22 16:00:00-04:00,0.0,0.0,0.0,1.5625,0,0.0,0.0,0.0,0.0,0.0
1998-09-23 16:00:00-04:00,0.0,1.5625,1.5625,1.5625,500,0.0,0.0,0.0,0.0,0.0
1998-09-24 16:00:00-04:00,0.0,1.5313,1.3125,1.375,21400,0.0,0.0,0.0,0.0,0.0
1998-09-25 16:00:00-04:00,0.0,1.4375,1.3125,1.4375,1500,0.0,0.0,0.0,0.0,0.0
1998-09-28 16:00:00-04:00,0.0,1.5938,1.4375,1.5938,5100,0.0,0.0,0.0,0.0,0.0
1998-09-29 16:00:00-04:00,0.0,1.5625,1.5,1.5,6400,0.0,0.0,0.0,0.0,0.0
1998-09-30 16:00:00-04:00,0.0,1.4375,1.375,1.375,4200,0.0,0.0,0.0,0.0,0.0
1998-10-01 16:00:00-04:00,0.0,1.5,1.375,1.5,20900,0.0,0.0,0.0,0.0,0.0
1998-10-02 16:00:00-04:00,0.0,1.5625,1.5,1.5,10400,0.0,0.0,0.0,0.0,0.0
1998-10-05 16:00:00-04:00,0.0,1.5625,1.5,1.5625,8300,0.0,0.0,0.0,0.0,0.0
1998-10-06 16:00:00-04:00,0.0,1.5625,1.5313,1.5625,59300,0.0,0.0,0.0,0.0,0.0
1998-10-07 16:00:00-04:00,0.0,1.5,1.375,1.375,7000,0.0,0.0,0.0,0.0,0.0
1998-10-08 16:00:00-04:00,0.0,1.375,1.375,1.375,12100,0.0,0.0,0.0,0.0,0.0
1998-10-09 16:00:00-04:00,0.0,1.5,1.375,1.5,22500,0.0,0.0,0.0,0.0,0.0
1998-10-12 16:00:00-04:00,0.0,1.4688,1.4688,1.4688,6000,0.0,0.0,0.0,0.0,0.0
1998-10-13 16:00:00-04:00,0.0,1.5,1.375,1.375,55200,0.0,0.0,0.0,0.0,0.0
1998-10-14 16:00:00-04:00,0.0,1.4375,1.3125,1.3125,700,0.0,0.0,0.0,0.0,0.0
1998-10-15 16:00:00-04:00,0.0,1.3438,1.3125,1.3125,9000,0.0,0.0,0.0,0.0,0.0
1998-10-16 16:00:00-04:00,0.0,1.375,1.3125,1.3125,7900,0.0,0.0,0.0,0.0,0.0
1998-10-19 16:00:00-04:00,0.0,1.375,1.25,1.375,30000,0.0,0.0,0.0,0.0,0.0
1998-10-20 16:00:00-04:00,0.0,1.4375,1.4375,1.4375,1600,0.0,0.0,0.0,0.0,0.0
1998-10-21 16:00:00-04:00,0.0,1.625,1.5,1.625,38800,0.0,0.0,0.0,0.0,0.0
1998-10-22 16:00:00-04:00,0.0,1.625,1.5313,1.625,3400,0.0,0.0,0.0,0.0,0.0
1998-10-23 16:00:00-04:00,0.0,1.8125,1.6875,1.8125,28200,0.0,0.0,0.0,0.0,0.0
1998-10-26 16:00:00-05:00,0.0,1.8125,1.75,1.7813,28500,0.0,0.0,0.0,0.0,0.0
1998-10-27 16:00:00-05:00,0.0,1.7813,1.625,1.7813,1700,0.0,0.0,0.0,0.0,0.0
1998-10-28 16:00:00-05:00,0.0,1.7813,1.6875,1.6875,5200,0.0,0.0,0.0,0.0,0.0
1998-10-29 16:00:00-05:00,0.0,1.625,1.625,1.625,1000,0.0,0.0,0.0,0.0,0.0
1998-10-30 16:00:00-05:00,0.0,1.8125,1.6875,1.8125,39300,0.0,0.0,0.0,0.0,0.0
1998-11-02 16:00:00-05:00,0.0,1.8125,1.6875,1.6875,17800,0.0,0.0,0.0,0.0,0.0
1998-11-03 16:00:00-05:00,0.0,1.8125,1.6875,1.6875,5000,0.0,0.0,0.0,0.0,0.0
1998-11-04 16:00:00-05:00,0.0,1.8125,1.6875,1.8125,2800,0.0,0.0,0.0,0.0,0.0
1998-11-05 16:00:00-05:00,0.0,1.75,1.75,1.75,1000,0.0,0.0,0.0,0.0,0.0
1998-11-06 16:00:00-05:00,0.0,1.75,1.6875,1.75,41000,0.0,0.0,0.0,0.0,0.0
1998-11-09 16:00:00-05:00,0.0,1.8125,1.8125,1.8125,1000,0.0,0.0,0.0,0.0,0.0
1998-11-10 16:00:00-05:00,0.0,1.8125,1.75,1.75,1800,0.0,0.0,0.0,0.0,0.0
1998-11-11 16:00:00-05:00,0.0,1.75,1.6875,1.6875,27800,0.0,0.0,0.0,0.0,0.0
1998-11-12 16:00:00-05:00,0.0,1.75,1.6875,1.75,10000,0.0,0.0,0.0,0.0,0.0
1998-11-13 16:00:00-05:00,0.0,1.75,1.6875,1.75,19000,0.0,0.0,0.0,0.0,0.0
1998-11-16 16:00:00-05:00,0.0,1.75,1.6875,1.75,11300,0.0,0.0,0.0,0.0,0.0
1998-11-17 16:00:00-05:00,0.0,1.75,1.625,1.625,14600,0.0,0.0,0.0,0.0,0.0
1998-11-18 16:00:00-05:00,0.0,1.6875,1.5,1.5,22800,0.0,0.0,0.0,0.0,0.0
1998-11-19 16:00:00-05:00,0.0,1.5938,1.5,1.5625,2200,0.0,0.0,0.0,0.0,0.0
1998-11-20 16:00:00-05:00,0.0,1.5938,1.5313,1.5938,4600,0.0,0.0,0.0,0.0,0.0
1998-11-23 16:00:00-05:00,0.0,1.5313,1.5313,1.5313,2600,0.0,0.0,0.0,0.0,0.0
1998-11-24 16:00:00-05:00,0.0,1.5938,1.5,1.5938,12000,0.0,0.0,0.0,0.0,0.0
1998-11-25 16:00:00-05:00,0.0,1.5313,1.5313,1.5313,1300,0.0,0.0,0.0,0.0,0.0
1998-11-27 16:00:00-05:00,0.0,1.5313,1.5313,1.5313,1000,0.0,0.0,0.0,0.0,0.0
1998-11-30 16:00:00-05:00,0.0,1.5313,1.5313,1.5313,4600,0.0,0.0,0.0,0.0,0.0
1998-12-01 16:00:00-05:00,0.0,1.5313,1.5313,1.5313,600,0.0,0.0,0.0,0.0,0.0
1998-12-02 16:00:00-05:00,0.0,1.5625,1.5313,1.5313,16800,0.0,0.0,0.0,0.0,0.0
1998-12-03 16:00:00-05:00,0.0,1.5625,1.375,1.375,25100,0.0,0.0,0.0,0.0,0.0
1998-12-04 16:00:00-05:00,0.0,1.5,1.3125,1.3125,375000,0.0,0.0,0.0,0.0,0.0
1998-12-07 16:00:00-05:00,0.0,1.4688,1.3125,1.4688,27300,0.0,0.0,0.0,0.0,0.0
1998-12-08 16:00:00-05:00,0.0,1.4688,1.4375,1.4375,1500,0.0,0.0,0.0,0.0,0.0
1998-12-09 16:00:00-05:00,0.0,1.625,1.25,1.4688,27400,0.0,0.0,0.0,0.0,0.0
1998-12-10 16:00:00-05:00,0.0,1.4688,1.4063,1.4063,3600,0.0,0.0,0.0,0.0,0.0
1998-12-11 16:00:00-05:00,0.0,1.5625,1.5,1.5625,7900,0.0,0.0,0.0,0.0,0.0
1998-12-14 16:00:00-05:00,0.0,1.5625,1.5625,1.5625,500,0.0,0.0,0.0,0.0,0.0
1998-12-15 16:00:00-05:00,0.0,1.6875,1.625,1.6875,2600,0.0,0.0,0.0,0.0,0.0
1998-12-16 16:00:00-05:00,0.0,1.75,1.5,1.75,59800,0.0,0.0,0.0,0.0,0.0
1998-12-17 16:00:00-05:00,0.0,1.7188,1.5625,1.7188,2800,0.0,0.0,0.0,0.0,0.0
1998-12-18 16:00:00-05:00,0.0,1.625,1.4063,1.625,21300,0.0,0.0,0.0,0.0,0.0
1998-12-21 16:00:00-05:00,0.0,1.7188,1.5625,1.5625,1800,0.0,0.0,0.0,0.0,0.0
1998-12-22 16:00:00-05:00,0.0,1.5625,1.5625,1.5625,1000,0.0,0.0,0.0,0.0,0.0
1998-12-23 16:00:00-05:00,0.0,1.5625,1.5625,1.5625,2200,0.0,0.0,0.0,0.0,0.0
1998-12-24 16:00:00-05:00,0.0,1.5625,1.5625,1.5625,300,0.0,0.0,0.0,0.0,0.0
1998-12-28 16:00:00-05:00,0.0,1.5625,1.3125,1.4375,33900,0.0,0.0,0.0,0.0,0.0
1998-12-29 16:00:00-05:00,0.0,1.4688,1.3125,1.4688,56000,0.0,0.0,0.0,0.0,0.0
1998-12-30 16:00:00-05:00,0.0,1.5,1.375,1.5,7200,0.0,0.0,0.0,0.0,0.0
1998-12-31 16:00:00-05:00,0.0,1.4375,1.2813,1.3438,37600,0.0,0.0,0.0,0.0,0.0
1999-01-04 16:00:00-05:00,0.0,1.5313,1.3438,1.375,2300,0.0,0.0,0.0,0.0,0.0
1999-01-05 16:00:00-05:00,0.0,1.5,1.4375,1.4375,3100,0.0,0.0,0.0,0.0,0.0
1999-01-06 16:00:00-05:00,0.0,1.5625,1.375,1.5625,12700,0.0,0.0,0.0,0.0,0.0
1999-01-07 16:00:00-05:00,0.0,1.6875,1.4375,1.6875,27500,0.0,0.0,0.0,0.0,0.0
1999-01-08 16:00:00-05:00,0.0,1.75,1.6875,1.75,1600,0.0,0.0,0.0,0.0,0.0
1999-01-11 16:00:00-05:00,0.0,1.75,1.5625,1.75,3100,0.0,0.0,0.0,0.0,0.0
1999-01-12 16:00:00-05:00,0.0,0.0,0.0,1.75,0,0.0,0.0,0.0,0.0,0.0
1999-01-13 16:00:00-05:00,0.0,1.625,1.5313,1.5313,4400,0.0,0.0,0.0,0.0,0.0
1999-01-14 16:00:00-05:00,0.0,1.5625,1.5625,1.5625,100,0.0,0.0,0.0,0.0,0.0
1999-01-15 16:00:00-05:00,0.0,0.0,0.0,1.5625,0,0.0,0.0,0.0,0.0,0.0
1999-01-19 16:00:00-05:00,0.0,1.6875,1.5625,1.6875,2100,0.0,0.0,0.0,0.0,0.0
1999-01-20 16:00:00-05:00,0.0,1.5,1.5,1.5,8900,0.0,0.0,0.0,0.0,0.0
1999-01-21 16:00:00-05:00,0.0,1.6875,1.5625,1.5625,1300,0.0,0.0,0.0,0.0,0.0
1999-01-22 16:00:00-05:00,0.0,1.6875,1.5625,1.6875,19800,0.0,0.0,0.0,0.0,0.0
1999-01-25 16:00:00-05:00,0.0,1.75,1.5625,1.5625,6200,0.0,0.0,0.0,0.0,0.0
1999-01-26 16:00:00-05:00,0.0,1.6875,1.625,1.625,12000,0.0,0.0,0.0,0.0,0.0
1999-01-27 16:00:00-05:00,0.0,1.625,1.4375,1.5625,8300,0.0,0.0,0.0,0.0,0.0
1999-01-28 16:00:00-05:00,0.0,1.5625,1.5,1.5625,700,0.0,0.0,0.0,0.0,0.0
1999-01-29 16:00:00-05:00,0.0,1.8125,1.5625,1.8125,79700,0.0,0.0,0.0,0.0,0.0
1999-02-01 16:00:00-05:00,0.0,1.75,1.625,1.625,2000,0.0,0.0,0.0,0.0,0.0
1999-02-02 16:00:00-05:00,0.0,1.5625,1.5625,1.5625,1100,0.0,0.0,0.0,0.0,0.0
1999-02-03 16:00:00-05:00,0.0,1.8125,1.5625,1.625,37400,0.0,0.0,0.0,0.0,0.0
1999-02-04 16:00:00-05:00,0.0,1.625,1.5625,1.5625,2200,0.0,0.0,0.0,0.0,0.0
1999-02-05 16:00:00-05:00,0.0,0.0,0.0,1.5625,0,0.0,0.0,0.0,0.0,0.0
1999-02-08 16:00:00-05:00,0.0,1.625,1.625,1.625,700,0.0,0.0,0.0,0.0,0.0
1999-02-09 16:00:00-05:00,0.0,1.75,1.5625,1.6875,6300,0.0,0.0,0.0,0.0,0.0
1999-02-10 16:00:00-05:00,0.0,1.75,1.5625,1.625,3200,0.0,0.0,0.0,0.0,0.0
1999-02-11 16:00:00-05:00,0.0,1.75,1.625,1.6875,585100,0.0,0.0,0.0,0.0,0.0
1999-02-12 16:00:00-05:00,0.0,1.75,1.6563,1.7188,116700,0.0,0.0,0.0,0.0,0.0
1999-02-16 16:00:00-05:00,0.0,1.6875,1.625,1.625,6100,0.0,0.0,0.0,0.0,0.0
1999-02-17 16:00:00-05:00,0.0,1.75,1.5625,1.625,23200,0.0,0.0,0.0,0.0,0.0
1999-02-18 16:00:00-05:00,0.0,1.625,1.5625,1.5625,48300,0.0,0.0,0.0,0.0,0.0
1999-02-19 16:00:00-05:00,0.0,1.5625,1.4063,1.5,54000,0.0,0.0,0.0,0.0,0.0
1999-02-22 16:00:00-05:00,0.0,1.5938,1.4375,1.5625,16200,0.0,0.0,0.0,0.0,0.0
1999-02-23 16:00:00-05:00,0.0,1.625,1.625,1.625,12000,0.0,0.0,0.0,0.0,0.0
1999-02-24 16:00:00-05:00,0.0,1.5313,1.5313,1.5313,1000,0.0,0.0,0.0,0.0,0.0
1999-02-25 16:00:00-05:00,0.0,1.5938,1.5938,1.5938,200,0.0,0.0,0.0,0.0,0.0
1999-02-26 16:00:00-05:00,0.0,1.5938,1.5,1.5,3100,0.0,0.0,0.0,0.0,0.0
1999-03-01 16:00:00-05:00,0.0,1.5,1.4375,1.4375,3600,0.0,0.0,0.0,0.0,0.0
1999-03-02 16:00:00-05:00,0.0,1.4688,1.4688,1.4688,5000,0.0,0.0,0.0,0.0,0.0
1999-03-03 16:00:00-05:00,0.0,1.4688,1.375,1.4375,13200,0.0,0.0,0.0,0.0,0.0
1999-03-04 16:00:00-05:00,0.0,1.5625,1.375,1.5625,32300,0.0,0.0,0.0,0.0,0.0
1999-03-05 16:00:00-05:00,0.0,1.5625,1.4375,1.4375,2000,0.0,0.0,0.0,0.0,0.0
1999-03-08 16:00:00-05:00,0.0,1.625,1.4375,1.4375,300,0.0,0.0,0.0,0.0,0.0
1999-03-09 16:00:00-05:00,0.0,0.0,0.0,1.4375,0,0.0,0.0,0.0,0.0,0.0
1999-03-10 16:00:00-05:00,0.0,1.5,1.5,1.5,5900,0.0,0.0,0.0,0.0,0.0
1999-03-11 16:00:00-05:00,0.0,1.4375,1.4375,1.4375,1500,0.0,0.0,0.0,0.0,0.0
1999-03-12 16:00:00-05:00,0.0,1.4375,1.4375,1.4375,2200,0.0,0.0,0.0,0.0,0.0
1999-03-15 16:00:00-05:00,0.0,1.5625,1.5625,1.5625,300,0.0,0.0,0.0,0.0,0.0
1999-03-16 16:00:00-05:00,0.0,1.4375,1.375,1.4375,9300,0.0,0.0,0.0,0.0,0.0
1999-03-17 16:00:00-05:00,0.0,1.375,1.375,1.375,3600,0.0,0.0,0.0,0.0,0.0
1999-03-18 16:00:00-05:00,0.0,1.375,1.25,1.3125,18300,0.0,0.0,0.0,0.0,0.0
1999-03-19 16:00:00-05:00,0.0,1.375,1.25,1.375,6900,0.0,0.0,0.0,0.0,0.0
1999-03-22 16:00:00-05:00,0.0,1.25,1.25,1.25,7500,0.0,0.0,0.0,0.0,0.0
1999-03-23 16:00:00-05:00,0.0,1.25,1.25,1.25,1000,0.0,0.0,0.0,0.0,0.0
1999-03-24 16:00:00-05:00,0.0,1.2813,1.2813,1.2813,300,0.0,0.0,0.0,0.0,0.0
1999-03-25 16:00:00-05:00,0.0,0.0,0.0,1.2813,0,0.0,0.0,0.0,0.0,0.0
1999-03-26 16:00:00-05:00,0.0,1.2813,1.2813,1.2813,1200,0.0,0.0,0.0,0.0,0.0
1999-03-29 16:00:00-05:00,0.0,1.4063,1.2813,1.2813,13400,0.0,0.0,0.0,0.0,0.0
1999-03-30 16:00:00-05:00,0.0,0.0,0.0,1.2813,0,0.0,0.0,0.0,0.0,0.0
1999-03-31 16:00:00-05:00,0.0,1.4375,1.3125,1.4375,2600,0.0,0.0,0.0,0.0,0.0
1999-04-01 16:00:00-05:00,0.0,1.4375,1.4375,1.4375,3100,0.0,0.0,0.0,0.0,0.0
1999-04-05 16:00:00-04:00,0.0,1.4375,1.2813,1.2813,2900,0.0,0.0,0.0,0.0,0.0
1999-04-06 16:00:00-04:00,0.0,1.375,1.3125,1.3125,3500,0.0,0.0,0.0,0.0,0.0
1999-04-07 16:00:00-04:00,0.0,1.3125,1.2813,1.2813,7000,0.0,0.0,0.0,0.0,0.0
1999-04-08 16:00:00-04:00,0.0,1.375,1.25,1.375,16700,0.0,0.0,0.0,0.0,0.0
1999-04-09 16:00:00-04:00,0.0,1.375,1.25,1.25,3500,0.0,0.0,0.0,0.0,0.0
1999-04-12 16:00:00-04:00,0.0,1.4063,1.25,1.25,11400,0.0,0.0,0.0,0.0,0.0
1999-04-13 16:00:00-04:00,0.0,1.3125,1.25,1.3125,10900,0.0,0.0,0.0,0.0,0.0
1999-04-14 16:00:00-04:00,0.0,1.375,1.3125,1.375,6100,0.0,0.0,0.0,0.0,0.0
1999-04-15 16:00:00-04:00,0.0,0.0,0.0,1.375,0,0.0,0.0,0.0,0.0,0.0
1999-04-16 16:00:00-04:00,0.0,1.3125,1.3125,1.3125,700,0.0,0.0,0.0,0.0,0.0
1999-04-19 16:00:00-04:00,0.0,1.3438,1.3125,1.3438,6800,0.0,0.0,0.0,0.0,0.0
1999-04-20 16:00:00-04:00,0.0,1.3125,1.2188,1.25,14900,0.0,0.0,0.0,0.0,0.0
1999-04-21 16:00:00-04:00,0.0,1.3125,1.25,1.25,38100,0.0,0.0,0.0,0.0,0.0
1999-04-22 16:00:00-04:00,0.0,1.3125,1.2188,1.2188,1200,0.0,0.0,0.0,0.0,0.0
1999-04-23 16:00:00-04:00,0.0,1.3125,1.25,1.3125,12500,0.0,0.0,0.0,0.0,0.0
1999-04-26 16:00:00-04:00,0.0,1.25,1.25,1.25,3200,0.0,0.0,0.0,0.0,0.0
1999-04-27 16:00:00-04:00,0.0,1.25,1.25,1.25,1000,0.0,0.0,0.0,0.0,0.0
1999-04-28 16:00:00-04:00,0.0,1.25,1.25,1.25,30700,0.0,0.0,0.0,0.0,0.0
1999-04-29 16:00:00-04:00,0.0,1.25,1.25,1.25,10500,0.0,0.0,0.0,0.0,0.0
1999-04-30 16:00:00-04:00,0.0,1.375,1.25,1.375,18300,0.0,0.0,0.0,0.0,0.0
1999-05-03 16:00:00-04:00,0.0,1.375,1.375,1.375,15400,0.0,0.0,0.0,0.0,0.0
1999-05-04 16:00:00-04:00,0.0,1.375,1.3125,1.3125,18500,0.0,0.0,0.0,0.0,0.0
1999-05-05 16:00:00-04:00,0.0,1.375,1.3125,1.375,4100,0.0,0.0,0.0,0.0,0.0
1999-05-06 16:00:00-04:00,0.0,1.375,1.3125,1.375,12700,0.0,0.0,0.0,0.0,0.0
1999-05-07 16:00:00-04:00,0.0,1.375,1.3125,1.3438,5500,0.0,0.0,0.0,0.0,0.0
1999-05-10 16:00:00-04:00,0.0,1.375,1.3438,1.375,16000,0.0,0.0,0.0,0.0,0.0
1999-05-11 16:00:00-04:00,0.0,1.4375,1.375,1.375,11300,0.0,0.0,0.0,0.0,0.0
1999-05-12 16:00:00-04:00,0.0,1.4375,1.375,1.4375,1500,0.0,0.0,0.0,0.0,0.0
1999-05-13 16:00:00-04:00,0.0,1.5625,1.375,1.4375,30400,0.0,0.0,0.0,0.0,0.0
1999-05-14 16:00:00-04:00,0.0,1.5625,1.4688,1.4688,11000,0.0,0.0,0.0,0.0,0.0
1999-05-17 16:00:00-04:00,0.0,1.5625,1.5,1.5625,29100,0.0,0.0,0.0,0.0,0.0
1999-05-18 16:00:00-04:00,0.0,1.625,1.5625,1.625,24900,0.0,0.0,0.0,0.0,0.0
1999-05-19 16:00:00-04:00,0.0,1.75,1.625,1.75,9300,0.0,0.0,0.0,0.0,0.0
1999-05-20 16:00:00-04:00,0.0,2.0,1.8125,1.9375,45200,0.0,0.0,0.0,0.0,0.0
1999-05-21 16:00:00-04:00,0.0,2.3125,1.875,2.0,26700,0.0,0.0,0.0,0.0,0.0
1999-05-24 16:00:00-04:00,0.0,2.25,1.9375,1.9375,36200,0.0,0.0,0.0,0.0,0.0
1999-05-25 16:00:00-04:00,0.0,1.9375,1.8125,1.875,4000,0.0,0.0,0.0,0.0,0.0
1999-05-26 16:00:00-04:00,0.0,1.8125,1.6875,1.6875,15900,0.0,0.0,0.0,0.0,0.0
1999-05-27 16:00:00-04:00,0.0,1.6875,1.6875,1.6875,1200,0.0,0.0,0.0,0.0,0.0
1999-05-28 16:00:00-04:00,0.0,1.9375,1.75,1.9375,25000,0.0,0.0,0.0,0.0,0.0
1999-06-01 16:00:00-04:00,0.0,1.8438,1.75,1.75,1900,0.0,0.0,0.0,0.0,0.0
1999-06-02 16:00:00-04:00,0.0,2.0313,1.75,1.9375,59600,0.0,0.0,0.0,0.0,0.0
1999-06-03 16:00:00-04:00,0.0,1.8125,1.8125,1.8125,900,0.0,0.0,0.0,0.0,0.0
1999-06-04 16:00:00-04:00,0.0,1.9375,1.75,1.75,6200,0.0,0.0,0.0,0.0,0.0
1999-06-07 16:00:00-04:00,0.0,1.9688,1.75,1.9688,11600,0.0,0.0,0.0,0.0,0.0
1999-06-08 16:00:00-04:00,0.0,1.9375,1.875,1.875,7600,0.0,0.0,0.0,0.0,0.0
1999-06-09 16:00:00-04:00,0.0,1.875,1.75,1.75,8000,0.0,0.0,0.0,0.0,0.0
1999-06-10 16:00:00-04:00,0.0,1.875,1.625,1.625,5000,0.0,0.0,0.0,0.0,0.0
1999-06-11 16:00:00-04:00,0.0,1.8438,1.6875,1.8438,9600,0.0,0.0,0.0,0.0,0.0
1999-06-14 16:00:00-04:00,0.0,1.875,1.875,1.875,2500,0.0,0.0,0.0,0.0,0.0
1999-06-15 16:00:00-04:00,0.0,1.9063,1.8125,1.9063,20500,0.0,0.0,0.0,0.0,0.0
1999-06-16 16:00:00-04:00,0.0,1.8125,1.8125,1.8125,8100,0.0,0.0,0.0,0.0,0.0
1999-06-17 16:00:00-04:00,0.0,0.0,0.0,1.8125,0,0.0,0.0,0.0,0.0,0.0
1999-06-18 16:00:00-04:00,0.0,1.875,1.875,1.875,200,0.0,0.0,0.0,0.0,0.0
1999-06-21 16:00:00-04:00,0.0,2.0,1.8125,1.875,25600,0.0,0.0,0.0,0.0,0.0
1999-06-22 16:00:00-04:00,0.0,2.0,1.875,1.875,48500,0.0,0.0,0.0,0.0,0.0
1999-06-23 16:00:00-04:00,0.0,1.9375,1.875,1.9375,6400,0.0,0.0,0.0,0.0,0.0
1999-06-24 16:00:00-04:00,0.0,2.0,1.9063,2.0,4300,0.0,0.0,0.0,0.0,0.0
1999-06-25 16:00:00-04:00,0.0,2.0,1.9375,2.0,5600,0.0,0.0,0.0,0.0,0.0
1999-06-28 16:00:00-04:00,0.0,2.0625,2.0,2.0,3300,0.0,0.0,0.0,0.0,0.0
1999-06-29 16:00:00-04:00,0.0,2.0,2.0,2.0,5800,0.0,0.0,0.0,0.0,0.0
1999-06-30 16:00:00-04:00,0.0,1.9375,1.9375,1.9375,2000,0.0,0.0,0.0,0.0,0.0
1999-07-01 16:00:00-04:00,0.0,2.0313,2.0,2.0,6600,0.0,0.0,0.0,0.0,0.0
1999-07-02 16:00:00-04:00,0.0,2.0625,2.0,2.0625,17700,0.0,0.0,0.0,0.0,0.0
1999-07-06 16:00:00-04:00,0.0,2.125,1.875,2.0,13300,0.0,0.0,0.0,0.0,0.0
1999-07-07 16:00:00-04:00,0.0,2.0,2.0,2.0,3200,0.0,0.0,0.0,0.0,0.0
1999-07-08 16:00:00-04:00,0.0,1.9375,1.9375,1.9375,3100,0.0,0.0,0.0,0.0,0.0
1999-07-09 16:00:00-04:00,0.0,0.0,0.0,1.9375,0,0.0,0.0,0.0,0.0,0.0
1999-07-12 16:00:00-04:00,0.0,2.0313,1.9375,2.0313,1300,0.0,0.0,0.0,0.0,0.0
1999-07-13 16:00:00-04:00,0.0,2.25,1.875,2.0,1747800,0.0,0.0,0.0,0.0,0.0
1999-07-14 16:00:00-04:00,0.0,2.0156,1.875,1.875,20400,0.0,0.0,0.0,0.0,0.0
1999-07-15 16:00:00-04:00,0.0,1.8438,1.8125,1.8125,26300,0.0,0.0,0.0,0.0,0.0
1999-07-16 16:00:00-04:00,0.0,1.7813,1.75,1.7813,21100,0.0,0.0,0.0,0.0,0.0
1999-07-19 16:00:00-04:00,0.0,1.9063,1.75,1.75,2300,0.0,0.0,0.0,0.0,0.0
1999-07-20 16:00:00-04:00,0.0,1.8125,1.75,1.8125,50400,0.0,0.0,0.0,0.0,0.0
1999-07-21 16:00:00-04:00,0.0,1.875,1.875,1.875,400,0.0,0.0,0.0,0.0,0.0
1999-07-22 16:00:00-04:00,0.0,1.75,1.5625,1.75,54200,0.0,0.0,0.0,0.0,0.0
1999-07-23 16:00:00-04:00,0.0,1.9063,1.625,1.9063,14300,0.0,0.0,0.0,0.0,0.0
1999-07-26 16:00:00-04:00,0.0,1.9375,1.9375,1.9375,2500,0.0,0.0,0.0,0.0,0.0
1999-07-27 16:00:00-04:00,0.0,1.8125,1.7344,1.75,24900,0.0,0.0,0.0,0.0,0.0
1999-07-28 16:00:00-04:00,0.0,1.875,1.6875,1.875,45800,0.0,0.0,0.0,0.0,0.0
1999-07-29 16:00:00-04:00,0.0,1.8125,1.8125,1.8125,3700,0.0,0.0,0.0,0.0,0.0
1999-07-30 16:00:00-04:00,0.0,1.875,1.7813,1.875,17700,0.0,0.0,0.0,0.0,0.0
1999-08-02 16:00:00-04:00,0.0,1.9063,1.875,1.9063,3500,0.0,0.0,0.0,0.0,0.0
1999-08-03 16:00:00-04:00,0.0,1.9375,1.9063,1.9375,17200,0.0,0.0,0.0,0.0,0.0
1999-08-04 16:00:00-04:00,0.0,2.0,1.875,1.9375,34300,0.0,0.0,0.0,0.0,0.0
1999-08-05 16:00:00-04:00,0.0,1.8125,1.8125,1.8125,1300,0.0,0.0,0.0,0.0,0.0
1999-08-06 16:00:00-04:00,0.0,1.875,1.875,1.875,200,0.0,0.0,0.0,0.0,0.0
1999-08-09 16:00:00-04:00,0.0,1.875,1.875,1.875,100,0.0,0.0,0.0,0.0,0.0
1999-08-10 16:00:00-04:00,0.0,1.7813,1.75,1.75,23000,0.0,0.0,0.0,0.0,0.0
1999-08-11 16:00:00-04:00,0.0,1.875,1.8125,1.8125,22000,0.0,0.0,0.0,0.0,0.0
1999-08-12 16:00:00-04:00,0.0,1.875,1.8125,1.8125,12500,0.0,0.0,0.0,0.0,0.0
1999-08-13 16:00:00-04:00,0.0,1.75,1.75,1.75,4000,0.0,0.0,0.0,0.0,0.0
1999-08-16 16:00:00-04:00,0.0,1.875,1.75,1.8125,3300,0.0,0.0,0.0,0.0,0.0
1999-08-17 16:00:00-04:00,0.0,1.9375,1.75,1.75,11800,0.0,0.0,0.0,0.0,0.0
1999-08-18 16:00:00-04:00,0.0,1.9063,1.8125,1.875,75400,0.0,0.0,0.0,0.0,0.0
1999-08-19 16:00:00-04:00,0.0,1.875,1.8125,1.875,30900,0.0,0.0,0.0,0.0,0.0
1999-08-20 16:00:00-04:00,0.0,1.875,1.8125,1.875,29100,0.0,0.0,0.0,0.0,0.0
1999-08-23 16:00:00-04:00,0.0,1.875,1.8125,1.8125,1300,0.0,0.0,0.0,0.0,0.0
1999-08-24 16:00:00-04:00,0.0,0.0,0.0,1.8125,0,0.0,0.0,0.0,0.0,0.0
1999-08-25 16:00:00-04:00,0.0,1.8125,1.75,1.75,9200,0.0,0.0,0.0,0.0,0.0
1999-08-26 16:00:00-04:00,0.0,1.8438,1.75,1.75,7200,0.0,0.0,0.0,0.0,0.0
1999-08-27 16:00:00-04:00,0.0,1.8438,1.75,1.7813,3500,0.0,0.0,0.0,0.0,0.0
1999-08-30 16:00:00-04:00,0.0,1.7813,1.7813,1.7813,1100,0.0,0.0,0.0,0.0,0.0
1999-08-31 16:00:00-04:00,0.0,1.7656,1.75,1.75,700,0.0,0.0,0.0,0.0,0.0
1999-09-01 16:00:00-04:00,0.0,1.75,1.625,1.6875,21600,0.0,0.0,0.0,0.0,0.0
1999-09-02 16:00:00-04:00,0.0,1.6875,1.625,1.6875,5300,0.0,0.0,0.0,0.0,0.0
1999-09-03 16:00:00-04:00,0.0,1.75,1.6875,1.75,6100,0.0,0.0,0.0,0.0,0.0
1999-09-07 16:00:00-04:00,0.0,1.875,1.75,1.75,8000,0.0,0.0,0.0,0.0,0.0
1999-09-08 16:00:00-04:00,0.0,1.75,1.75,1.75,5900,0.0,0.0,0.0,0.0,0.0
1999-09-09 16:00:00-04:00,0.0,1.75,1.75,1.75,1000,0.0,0.0,0.0,0.0,0.0
1999-09-10 16:00:00-04:00,0.0,1.75,1.6875,1.75,17700,0.0,0.0,0.0,0.0,0.0
1999-09-13 16:00:00-04:00,0.0,1.75,1.6875,1.7188,6700,0.0,0.0,0.0,0.0,0.0
1999-09-14 16:00:00-04:00,0.0,1.6875,1.6875,1.6875,1000,0.0,0.0,0.0,0.0,0.0
1999-09-15 16:00:00-04:00,0.0,1.6875,1.6875,1.6875,3100,0.0,0.0,0.0,0.0,0.0
1999-09-16 16:00:00-04:00,0.0,0.0,0.0,1.6875,0,0.0,0.0,0.0,0.0,0.0
1999-09-17 16:00:00-04:00,0.0,1.6875,1.6563,1.6875,1500,0.0,0.0,0.0,0.0,0.0
1999-09-20 16:00:00-04:00,0.0,1.75,1.6875,1.6875,2300,0.0,0.0,0.0,0.0,0.0
1999-09-21 16:00:00-04:00,0.0,1.6875,1.625,1.6563,4400,0.0,0.0,0.0,0.0,0.0
1999-09-22 16:00:00-04:00,0.0,1.75,1.6563,1.6875,7000,0.0,0.0,0.0,0.0,0.0
1999-09-23 16:00:00-04:00,0.0,1.75,1.6875,1.6875,7500,0.0,0.0,0.0,0.0,0.0
1999-09-24 16:00:00-04:00,0.0,1.6875,1.6875,1.6875,9500,0.0,0.0,0.0,0.0,0.0
1999-09-27 16:00:00-04:00,0.0,1.75,1.5313,1.5625,11000,0.0,0.0,0.0,0.0,0.0
1999-09-28 16:00:00-04:00,0.0,1.75,1.625,1.6875,7500,0.0,0.0,0.0,0.0,0.0
1999-09-29 16:00:00-04:00,0.0,1.75,1.75,1.75,200,0.0,0.0,0.0,0.0,0.0
1999-09-30 16:00:00-04:00,0.0,1.5625,1.5625,1.5625,700,0.0,0.0,0.0,0.0,0.0
1999-10-01 16:00:00-04:00,0.0,0.0,0.0,1.5625,0,0.0,0.0,0.0,0.0,0.0
1999-10-04 16:00:00-04:00,0.0,1.8125,1.625,1.75,4700,0.0,0.0,0.0,0.0,0.0
1999-10-05 16:00:00-04:00,0.0,1.875,1.75,1.875,9600,0.0,0.0,0.0,0.0,0.0
1999-10-06 16:00:00-04:00,0.0,1.6875,1.6875,1.6875,1100,0.0,0.0,0.0,0.0,0.0
1999-10-07 16:00:00-04:00,0.0,1.75,1.625,1.75,4500,0.0,0.0,0.0,0.0,0.0
1999-10-08 16:00:00-04:00,0.0,1.75,1.625,1.75,2200,0.0,0.0,0.0,0.0,0.0
1999-10-11 16:00:00-04:00,0.0,1.75,1.6875,1.6875,4600,0.0,0.0,0.0,0.0,0.0
1999-10-12 16:00:00-04:00,0.0,1.75,1.625,1.75,22400,0.0,0.0,0.0,0.0,0.0
1999-10-13 16:00:00-04:00,0.0,0.0,0.0,1.75,0,0.0,0.0,0.0,0.0,0.0
1999-10-14 16:00:00-04:00,0.0,1.75,1.625,1.625,1100,0.0,0.0,0.0,0.0,0.0
1999-10-15 16:00:00-04:00,0.0,0.0,0.0,1.625,0,0.0,0.0,0.0,0.0,0.0
1999-10-18 16:00:00-04:00,0.0,1.625,1.375,1.375,18100,0.0,0.0,0.0,0.0,0.0
1999-10-19 16:00:00-04:00,0.0,1.6875,1.5,1.5,18200,0.0,0.0,0.0,0.0,0.0
1999-10-20 16:00:00-04:00,0.0,1.5,1.5,1.5,2600,0.0,0.0,0.0,0.0,0.0
1999-10-21 16:00:00-04:00,0.0,1.6875,1.5,1.5,600,0.0,0.0,0.0,0.0,0.0
1999-10-22 16:00:00-04:00,0.0,1.5,1.5,1.5,3000,0.0,0.0,0.0,0.0,0.0
1999-10-25 16:00:00-04:00,0.0,1.625,1.625,1.625,300,0.0,0.0,0.0,0.0,0.0
1999-10-26 16:00:00-04:00,0.0,0.0,0.0,1.625,0,0.0,0.0,0.0,0.0,0.0
1999-10-27 16:00:00-04:00,0.0,1.6875,1.625,1.625,1500,0.0,0.0,0.0,0.0,0.0
1999-10-28 16:00:00-04:00,0.0,1.6875,1.625,1.625,4100,0.0,0.0,0.0,0.0,0.0
1999-10-29 16:00:00-04:00,0.0,1.4375,1.375,1.4375,11000,0.0,0.0,0.0,0.0,0.0
1999-11-01 16:00:00-05:00,0.0,1.6875,1.5625,1.625,4700,0.0,0.0,0.0,0.0,0.0
1999-11-02 16:00:00-05:00,0.0,1.4375,1.4375,1.4375,2600,0.0,0.0,0.0,0.0,0.0
1999-11-03 16:00:00-05:00,0.0,1.75,1.5938,1.75,4400,0.0,0.0,0.0,0.0,0.0
1999-11-04 16:00:00-05:00,0.0,1.625,1.5,1.5,12500,0.0,0.0,0.0,0.0,0.0
1999-11-05 16:00:00-05:00,0.0,1.6094,1.375,1.375,22900,0.0,0.0,0.0,0.0,0.0
1999-11-08 16:00:00-05:00,0.0,1.5313,1.5,1.5313,4400,0.0,0.0,0.0,0.0,0.0
1999-11-09 16:00:00-05:00,0.0,1.5313,1.5313,1.5313,500,0.0,0.0,0.0,0.0,0.0
1999-11-10 16:00:00-05:00,0.0,1.625,1.3125,1.625,9100,0.0,0.0,0.0,0.0,0.0
1999-11-11 16:00:00-05:00,0.0,1.625,1.5,1.5,5400,0.0,0.0,0.0,0.0,0.0
1999-11-12 16:00:00-05:00,0.0,1.5,1.5,1.5,4600,0.0,0.0,0.0,0.0,0.0
1999-11-15 16:00:00-05:00,0.0,1.875,1.5625,1.5625,5300,0.0,0.0,0.0,0.0,0.0
1999-11-16 16:00:00-05:00,0.0,1.8125,1.5625,1.75,2600,0.0,0.0,0.0,0.0,0.0
1999-11-17 16:00:00-05:00,0.0,1.625,1.5,1.625,900,0.0,0.0,0.0,0.0,0.0
1999-11-18 16:00:00-05:00,0.0,1.6875,1.625,1.625,1100,0.0,0.0,0.0,0.0,0.0
1999-11-19 16:00:00-05:00,0.0,1.625,1.625,1.625,500,0.0,0.0,0.0,0.0,0.0
1999-11-22 16:00:00-05:00,0.0,1.625,1.5,1.5,4900,0.0,0.0,0.0,0.0,0.0
1999-11-23 16:00:00-05:00,0.0,1.5313,1.4688,1.5313,7000,0.0,0.0,0.0,0.0,0.0
1999-11-24 16:00:00-05:00,0.0,1.5625,1.4375,1.5,4100,0.0,0.0,0.0,0.0,0.0
1999-11-26 16:00:00-05:00,0.0,1.4375,1.4375,1.4375,2000,0.0,0.0,0.0,0.0,0.0
1999-11-29 16:00:00-05:00,0.0,1.5,1.4375,1.5,19600,0.0,0.0,0.0,0.0,0.0
1999-11-30 16:00:00-05:00,0.0,1.5,1.5,1.5,1600,0.0,0.0,0.0,0.0,0.0
1999-12-01 16:00:00-05:00,0.0,1.5625,1.4375,1.4375,4900,0.0,0.0,0.0,0.0,0.0
1999-12-02 16:00:00-05:00,0.0,1.375,1.25,1.25,24900,0.0,0.0,0.0,0.0,0.0
1999-12-03 16:00:00-05:00,0.0,1.5,1.375,1.375,3200,0.0,0.0,0.0,0.0,0.0
1999-12-06 16:00:00-05:00,0.0,1.375,1.1875,1.375,59700,0.0,0.0,0.0,0.0,0.0
1999-12-07 16:00:00-05:00,0.0,1.25,1.25,1.25,14800,0.0,0.0,0.0,0.0,0.0
1999-12-08 16:00:00-05:00,0.0,1.3125,1.3125,1.3125,11000,0.0,0.0,0.0,0.0,0.0
1999-12-09 16:00:00-05:00,0.0,1.375,1.3125,1.3125,7600,0.0,0.0,0.0,0.0,0.0
1999-12-10 16:00:00-05:00,0.0,1.3438,1.1875,1.1875,84100,0.0,0.0,0.0,0.0,0.0
1999-12-13 16:00:00-05:00,0.0,1.4375,1.125,1.1563,24800,0.0,0.0,0.0,0.0,0.0
1999-12-14 16:00:00-05:00,0.0,1.3438,1.1875,1.1875,19400,0.0,0.0,0.0,0.0,0.0
1999-12-15 16:00:00-05:00,0.0,1.375,1.1875,1.375,69100,0.0,0.0,0.0,0.0,0.0
1999-12-16 16:00:00-05:00,0.0,1.4063,1.4063,1.4063,6000,0.0,0.0,0.0,0.0,0.0
1999-12-17 16:00:00-05:00,0.0,1.4063,1.0,1.3125,40700,0.0,0.0,0.0,0.0,0.0
1999-12-20 16:00:00-05:00,0.0,1.3125,1.25,1.3125,3800,0.0,0.0,0.0,0.0,0.0
1999-12-21 16:00:00-05:00,0.0,1.25,1.1875,1.1875,11700,0.0,0.0,0.0,0.0,0.0
1999-12-22 16:00:00-05:00,0.0,1.3125,1.2813,1.2813,2900,0.0,0.0,0.0,0.0,0.0
1999-12-23 16:00:00-05:00,0.0,1.3438,1.1875,1.25,100700,0.0,0.0,0.0,0.0,0.0
1999-12-27 16:00:00-05:00,0.0,1.2813,1.125,1.2813,50900,0.0,0.0,0.0,0.0,0.0
1999-12-28 16:00:00-05:00,0.0,1.3438,1.125,1.1563,25500,0.0,0.0,0.0,0.0,0.0
1999-12-29 16:00:00-05:00,0.0,1.1875,1.1563,1.1563,15200,0.0,0.0,0.0,0.0,0.0
1999-12-30 16:00:00-05:00,0.0,1.375,1.0938,1.375,69500,0.0,0.0,0.0,0.0,0.0
1999-12-31 16:00:00-05:00,0.0,1.1875,1.125,1.1563,50200,0.0,0.0,0.0,0.0,0.0
2000-01-03 16:00:00-05:00,1.1875,1.2188,1.1875,1.2188,3400,0.0,0.0,0.0,0.0,0.0
2000-01-04 16:00:00-05:00,1.25,1.25,1.1563,1.1563,13200,0.0,0.0,0.0,0.0,0.0
2000-01-05 16:00:00-05:00,0.0,1.25,1.1563,1.25,1600,0.0,0.0,0.0,0.0,0.0
2000-01-06 16:00:00-05:00,1.125,1.25,1.125,1.25,18500,0.0,0.0,0.0,0.0,0.0
2000-01-07 16:00:00-05:00,1.25,1.25,1.25,1.25,2600,0.0,0.0,0.0,0.0,0.0
2000-01-10 16:00:00-05:00,1.25,1.25,1.25,1.25,1100,0.0,0.0,0.0,0.0,0.0
2000-01-11 16:00:00-05:00,0.0,1.25,1.2188,1.25,8100,0.0,0.0,0.0,0.0,0.0
2000-01-12 16:00:00-05:00,1.3125,1.4063,1.3125,1.3906,28100,0.0,0.0,0.0,0.0,0.0
2000-01-13 16:00:00-05:00,1.3437,1.3438,1.25,1.25,2100,0.0,0.0,0.0,0.0,0.0
2000-01-14 16:00:00-05:00,1.25,1.2813,1.2188,1.2188,14000,0.0,0.0,0.0,0.0,0.0
2000-01-18 16:00:00-05:00,1.2187,1.3125,1.1875,1.25,15600,0.0,0.0,0.0,0.0,0.0
2000-01-19 16:00:00-05:00,1.25,1.25,1.0938,1.25,16400,0.0,0.0,0.0,0.0,0.0
2000-01-20 16:00:00-05:00,1.1875,1.3125,1.1875,1.3125,10800,0.0,0.0,0.0,0.0,0.0
2000-01-21 16:00:00-05:00,1.3125,1.3125,1.1875,1.1875,300,0.0,0.0,0.0,0.0,0.0
2000-01-24 16:00:00-05:00,1.1875,1.25,1.1563,1.1563,15100,0.0,0.0,0.0,0.0,0.0
2000-01-25 16:00:00-05:00,0.0,1.25,1.1563,1.25,5600,0.0,0.0,0.0,0.0,0.0
2000-01-26 16:00:00-05:00,1.25,1.375,1.125,1.125,39000,0.0,0.0,0.0,0.0,0.0
2000-01-27 16:00:00-05:00,1.25,1.25,1.25,1.25,4500,0.0,0.0,0.0,0.0,0.0
2000-01-28 16:00:00-05:00,1.375,1.625,1.3125,1.3125,81600,0.0,0.0,0.0,0.0,0.0
2000-01-31 16:00:00-05:00,1.3125,1.375,1.3125,1.375,13000,0.0,0.0,0.0,0.0,0.0
2000-02-01 16:00:00-05:00,1.375,1.5,1.25,1.25,20000,0.0,0.0,0.0,0.0,0.0
2000-02-02 16:00:00-05:00,0.0,0.0,0.0,1.25,0,0.0,0.0,0.0,0.0,0.0
2000-02-03 16:00:00-05:00,0.0,1.4063,1.3438,1.375,2400,0.0,0.0,0.0,0.0,0.0
2000-02-04 16:00:00-05:00,1.375,1.375,1.375,1.375,4000,0.0,0.0,0.0,0.0,0.0
2000-02-07 16:00:00-05:00,1.25,1.4375,1.25,1.4375,5200,0.0,0.0,0.0,0.0,0.0
2000-02-08 16:00:00-05:00,1.4375,1.4375,1.4375,1.4375,300,0.0,0.0,0.0,0.0,0.0
2000-02-09 16:00:00-05:00,1.4375,1.4375,1.3125,1.375,2400,0.0,0.0,0.0,0.0,0.0
2000-02-10 16:00:00-05:00,1.3125,1.375,1.3125,1.3125,5900,0.0,0.0,0.0,0.0,0.0
2000-02-11 16:00:00-05:00,1.3125,1.375,1.3125,1.375,1300,0.0,0.0,0.0,0.0,0.0
2000-02-14 16:00:00-05:00,1.25,1.25,1.25,1.25,600,0.0,0.0,0.0,0.0,0.0
2000-02-15 16:00:00-05:00,1.3125,1.3438,1.3125,1.3438,2300,0.0,0.0,0.0,0.0,0.0
2000-02-16 16:00:00-05:00,1.3125,1.5,1.3125,1.4375,25000,0.0,0.0,0.0,0.0,0.0
2000-02-17 16:00:00-05:00,1.4375,1.5156,1.4063,1.5156,36600,0.0,0.0,0.0,0.0,0.0
2000-02-18 16:00:00-05:00,1.4843,1.5625,1.4375,1.5,14500,0.0,0.0,0.0,0.0,0.0
2000-02-22 16:00:00-05:00,1.4687,1.4688,1.4375,1.4375,5500,0.0,0.0,0.0,0.0,0.0
2000-02-23 16:00:00-05:00,1.4375,1.4375,1.4375,1.4375,5700,0.0,0.0,0.0,0.0,0.0
2000-02-24 16:00:00-05:00,1.4375,1.5625,1.4375,1.5625,21500,0.0,0.0,0.0,0.0,0.0
2000-02-25 16:00:00-05:00,1.5,1.5625,1.4375,1.5625,9700,0.0,0.0,0.0,0.0,0.0
2000-02-28 16:00:00-05:00,0.0,1.5,1.4688,1.5,7900,0.0,0.0,0.0,0.0,0.0
2000-02-29 16:00:00-05:00,1.4375,1.5,1.4375,1.5,16600,0.0,0.0,0.0,0.0,0.0
2000-03-01 16:00:00-05:00,0.0,1.5156,1.5,1.5,6000,0.0,0.0,0.0,0.0,0.0
2000-03-02 16:00:00-05:00,0.0,0.0,0.0,1.5,0,0.0,0.0,0.0,0.0,0.0
2000-03-03 16:00:00-05:00,0.0,1.4375,1.4375,1.4375,300,0.0,0.0,0.0,0.0,0.0
2000-03-06 16:00:00-05:00,0.0,1.5313,1.4375,1.5,11000,0.0,0.0,0.0,0.0,0.0
2000-03-07 16:00:00-05:00,1.5,1.5625,1.5,1.5625,15600,0.0,0.0,0.0,0.0,0.0
2000-03-08 16:00:00-05:00,1.375,1.625,1.3125,1.375,34200,0.0,0.0,0.0,0.0,0.0
2000-03-09 16:00:00-05:00,1.5625,1.5938,1.5625,1.5938,2500,0.0,0.0,0.0,0.0,0.0
2000-03-10 16:00:00-05:00,1.5,1.625,1.5,1.5313,25700,0.0,0.0,0.0,0.0,0.0
2000-03-13 16:00:00-05:00,1.375,1.5625,1.375,1.5625,1600,0.0,0.0,0.0,0.0,0.0
2000-03-14 16:00:00-05:00,1.4375,1.625,1.4375,1.625,11800,0.0,0.0,0.0,0.0,0.0
2000-03-15 16:00:00-05:00,1.4375,1.5,1.4375,1.5,4100,0.0,0.0,0.0,0.0,0.0
2000-03-16 16:00:00-05:00,1.5,1.5,1.5,1.5,1300,0.0,0.0,0.0,0.0,0.0
2000-03-17 16:00:00-05:00,1.5,1.5625,1.4375,1.5313,22300,0.0,0.0,0.0,0.0,0.0
2000-03-20 16:00:00-05:00,1.5625,1.5625,1.5,1.5,400,0.0,0.0,0.0,0.0,0.0
2000-03-21 16:00:00-05:00,1.4375,1.5625,1.4375,1.4375,3100,0.0,0.0,0.0,0.0,0.0
2000-03-22 16:00:00-05:00,1.5625,1.5625,1.4375,1.5,2800,0.0,0.0,0.0,0.0,0.0
2000-03-23 16:00:00-05:00,1.4531,1.5625,1.4375,1.5313,11400,0.0,0.0,0.0,0.0,0.0
2000-03-24 16:00:00-05:00,1.5,1.5,1.4375,1.4375,3600,0.0,0.0,0.0,0.0,0.0
2000-03-27 16:00:00-05:00,1.5,1.5,1.375,1.5,2200,0.0,0.0,0.0,0.0,0.0
2000-03-28 16:00:00-05:00,1.5625,1.625,1.4375,1.5469,15300,0.0,0.0,0.0,0.0,0.0
2000-03-29 16:00:00-05:00,1.5625,1.5625,1.5625,1.5625,6000,0.0,0.0,0.0,0.0,0.0
2000-03-30 16:00:00-05:00,1.375,1.5,1.375,1.4375,8400,0.0,0.0,0.0,0.0,0.0
2000-03-31 16:00:00-05:00,1.375,1.5,1.375,1.5,1400,0.0,0.0,0.0,0.0,0.0
2000-04-03 16:00:00-04:00,1.4687,1.5,1.4375,1.5,35700,0.0,0.0,0.0,0.0,0.0
2000-04-04 16:00:00-04:00,1.4375,1.5625,1.4375,1.5625,166600,0.0,0.0,0.0,0.0,0.0
2000-04-05 16:00:00-04:00,1.5625,1.5625,1.4375,1.5,14300,0.0,0.0,0.0,0.0,0.0
2000-04-06 16:00:00-04:00,1.5,1.5,1.4375,1.5,4700,0.0,0.0,0.0,0.0,0.0
2000-04-07 16:00:00-04:00,1.5,1.5,1.5,1.5,12000,0.0,0.0,0.0,0.0,0.0
2000-04-10 16:00:00-04:00,1.5,1.6875,1.5,1.5625,20900,0.0,0.0,0.0,0.0,0.0
2000-04-11 16:00:00-04:00,1.5,1.5,1.5,1.5,300,0.0,0.0,0.0,0.0,0.0
2000-04-12 16:00:00-04:00,1.6562,1.6563,1.625,1.6563,2800,0.0,0.0,0.0,0.0,0.0
2000-04-13 16:00:00-04:00,0.0,0.0,0.0,1.6563,0,0.0,0.0,0.0,0.0,0.0
2000-04-14 16:00:00-04:00,1.5,1.5,1.5,1.5,27300,0.0,0.0,0.0,0.0,0.0
2000-04-17 16:00:00-04:00,1.5625,1.625,1.4375,1.5,10600,0.0,0.0,0.0,0.0,0.0
2000-04-18 16:00:00-04:00,1.5,1.5313,1.4375,1.5313,65500,0.0,0.0,0.0,0.0,0.0
2000-04-19 16:00:00-04:00,1.625,1.625,1.625,1.625,700,0.0,0.0,0.0,0.0,0.0
2000-04-20 16:00:00-04:00,1.5,1.5,1.5,1.5,13700,0.0,0.0,0.0,0.0,0.0
2000-04-24 16:00:00-04:00,1.5,1.5625,1.5,1.5,10400,0.0,0.0,0.0,0.0,0.0
2000-04-25 16:00:00-04:00,1.5,1.5,1.5,1.5,30900,0.0,0.0,0.0,0.0,0.0
2000-04-26 16:00:00-04:00,1.5,1.5,1.5,1.5,5900,0.0,0.0,0.0,0.0,0.0
2000-04-27 16:00:00-04:00,1.375,1.375,1.3438,1.375,13300,0.0,0.0,0.0,0.0,0.0
2000-04-28 16:00:00-04:00,1.4375,1.5313,1.4375,1.5313,15900,0.0,0.0,0.0,0.0,0.0
2000-05-01 16:00:00-04:00,1.5,1.5,1.5,1.5,500,0.0,0.0,0.0,0.0,0.0
2000-05-02 16:00:00-04:00,1.5625,1.5625,1.5625,1.5625,500,0.0,0.0,0.0,0.0,0.0
2000-05-03 16:00:00-04:00,1.5468,1.5469,1.5313,1.5313,3400,0.0,0.0,0.0,0.0,0.0
2000-05-04 16:00:00-04:00,0.0,0.0,0.0,1.5313,0,0.0,0.0,0.0,0.0,0.0
2000-05-05 16:00:00-04:00,0.0,1.6563,1.5313,1.6563,11000,0.0,0.0,0.0,0.0,0.0
2000-05-08 16:00:00-04:00,1.5625,1.5625,1.4063,1.4375,6100,0.0,0.0,0.0,0.0,0.0
2000-05-09 16:00:00-04:00,1.5625,1.5625,1.5,1.5,2200,0.0,0.0,0.0,0.0,0.0
2000-05-10 16:00:00-04:00,1.5312,1.5313,1.5,1.5,5200,0.0,0.0,0.0,0.0,0.0
2000-05-11 16:00:00-04:00,1.5312,1.625,1.5,1.625,7900,0.0,0.0,0.0,0.0,0.0
2000-05-12 16:00:00-04:00,1.5,1.5625,1.5,1.5,11600,0.0,0.0,0.0,0.0,0.0
2000-05-15 16:00:00-04:00,1.5312,1.5625,1.5,1.5,17100,0.0,0.0,0.0,0.0,0.0
2000-05-16 16:00:00-04:00,1.5,1.5,1.5,1.5,200,0.0,0.0,0.0,0.0,0.0
2000-05-17 16:00:00-04:00,1.5937,1.5938,1.5625,1.5938,200,0.0,0.0,0.0,0.0,0.0
2000-05-18 16:00:00-04:00,1.5156,1.5625,1.5156,1.5625,600,0.0,0.0,0.0,0.0,0.0
2000-05-19 16:00:00-04:00,1.5,1.5,1.5,1.5,19500,0.0,0.0,0.0,0.0,0.0
2000-05-22 16:00:00-04:00,1.5781,1.5938,1.5781,1.5938,700,0.0,0.0,0.0,0.0,0.0
2000-05-23 16:00:00-04:00,1.5,1.5625,1.5,1.5625,6200,0.0,0.0,0.0,0.0,0.0
2000-05-24 16:00:00-04:00,1.5625,1.5625,1.5625,1.5625,1000,0.0,0.0,0.0,0.0,0.0
2000-05-25 16:00:00-04:00,1.5,1.5625,1.5,1.5625,3100,0.0,0.0,0.0,0.0,0.0
2000-05-26 16:00:00-04:00,1.5,1.5,1.5,1.5,500,0.0,0.0,0.0,0.0,0.0
2000-05-30 16:00:00-04:00,1.5,1.5,1.5,1.5,5100,0.0,0.0,0.0,0.0,0.0
2000-05-31 16:00:00-04:00,1.5,1.5156,1.5,1.5,5100,0.0,0.0,0.0,0.0,0.0
2000-06-01 16:00:00-04:00,0.0,0.0,0.0,1.5,0,0.0,0.0,0.0,0.0,0.0
2000-06-02 16:00:00-04:00,1.5,1.5313,1.5,1.5313,28000,0.0,0.0,0.0,0.0,0.0
2000-06-05 16:00:00-04:00,1.5,1.5313,1.5,1.5313,1700,0.0,0.0,0.0,0.0,0.0
2000-06-06 16:00:00-04:00,1.5,1.5,1.5,1.5,4000,0.0,0.0,0.0,0.0,0.0
2000-06-07 16:00:00-04:00,1.5156,1.5156,1.375,1.5,15700,0.0,0.0,0.0,0.0,0.0
2000-06-08 16:00:00-04:00,1.5625,1.625,1.5,1.625,18000,0.0,0.0,0.0,0.0,0.0
2000-06-09 16:00:00-04:00,1.5625,1.5625,1.5625,1.5625,300,0.0,0.0,0.0,0.0,0.0
2000-06-12 16:00:00-04:00,1.5625,1.625,1.5313,1.5313,92400,0.0,0.0,0.0,0.0,0.0
2000-06-13 16:00:00-04:00,1.625,1.625,1.625,1.625,9500,0.0,0.0,0.0,0.0,0.0
2000-06-14 16:00:00-04:00,1.625,1.625,1.625,1.625,15800,0.0,0.0,0.0,0.0,0.0
2000-06-15 16:00:00-04:00,0.0,1.5938,1.5938,1.5938,14100,0.0,0.0,0.0,0.0,0.0
2000-06-16 16:00:00-04:00,1.6406,1.6406,1.625,1.625,3000,0.0,0.0,0.0,0.0,0.0
2000-06-19 16:00:00-04:00,0.0,1.5938,1.5938,1.5938,7500,0.0,0.0,0.0,0.0,0.0
2000-06-20 16:00:00-04:00,1.5937,1.625,1.5625,1.5625,25400,0.0,0.0,0.0,0.0,0.0
2000-06-21 16:00:00-04:00,1.5781,1.5781,1.5625,1.5625,3900,0.0,0.0,0.0,0.0,0.0
2000-06-22 16:00:00-04:00,1.625,1.75,1.625,1.75,10200,0.0,0.0,0.0,0.0,0.0
2000-06-23 16:00:00-04:00,1.75,1.75,1.6563,1.6563,3500,0.0,0.0,0.0,0.0,0.0
2000-06-26 16:00:00-04:00,0.0,1.6875,1.6563,1.6875,2700,0.0,0.0,0.0,0.0,0.0
2000-06-27 16:00:00-04:00,1.625,1.625,1.5625,1.5625,1200,0.0,0.0,0.0,0.0,0.0
2000-06-28 16:00:00-04:00,1.625,1.625,1.5625,1.5625,1300,0.0,0.0,0.0,0.0,0.0
2000-06-29 16:00:00-04:00,1.5625,1.5625,1.5625,1.5625,500,0.0,0.0,0.0,0.0,0.0
2000-06-30 16:00:00-04:00,1.625,1.625,1.5625,1.5625,4600,0.0,0.0,0.0,0.0,0.0
2000-07-03 16:00:00-04:00,0.0,1.5938,1.5938,1.5938,100,0.0,0.0,0.0,0.0,0.0
2000-07-05 16:00:00-04:00,1.5625,1.625,1.5625,1.625,13300,0.0,0.0,0.0,0.0,0.0
2000-07-06 16:00:00-04:00,1.5625,1.5625,1.5625,1.5625,1500,0.0,0.0,0.0,0.0,0.0
2000-07-07 16:00:00-04:00,1.625,1.875,1.625,1.875,28000,0.0,0.0,0.0,0.0,0.0
2000-07-10 16:00:00-04:00,1.875,1.9375,1.75,1.9375,7900,0.0,0.0,0.0,0.0,0.0
2000-07-11 16:00:00-04:00,0.0,2.0625,1.8438,1.9063,33900,0.0,0.0,0.0,0.0,0.0
2000-07-12 16:00:00-04:00,1.8437,2.0625,1.5625,2.0313,46300,0.0,0.0,0.0,0.0,0.0
2000-07-13 16:00:00-04:00,2.0,2.0625,2.0,2.0,48300,0.0,0.0,0.0,0.0,0.0
2000-07-14 16:00:00-04:00,2.0625,2.0625,2.0,2.0625,32500,0.0,0.0,0.0,0.0,0.0
2000-07-17 16:00:00-04:00,2.0625,2.0938,2.0313,2.0313,19800,0.0,0.0,0.0,0.0,0.0
2000-07-18 16:00:00-04:00,2.0,2.0938,2.0,2.0625,19500,0.0,0.0,0.0,0.0,0.0
2000-07-19 16:00:00-04:00,0.0,2.0625,2.0313,2.0313,19000,0.0,0.0,0.0,0.0,0.0
2000-07-20 16:00:00-04:00,2.0625,2.0938,2.0313,2.0313,21200,0.0,0.0,0.0,0.0,0.0
2000-07-21 16:00:00-04:00,2.0625,2.0625,2.0313,2.0313,44300,0.0,0.0,0.0,0.0,0.0
2000-07-24 16:00:00-04:00,2.0937,2.1563,2.0313,2.125,37200,0.0,0.0,0.0,0.0,0.0
2000-07-25 16:00:00-04:00,2.0312,2.125,1.9063,2.125,4600,0.0,0.0,0.0,0.0,0.0
2000-07-26 16:00:00-04:00,2.0625,2.2813,2.0625,2.2813,23100,0.0,0.0,0.0,0.0,0.0
2000-07-27 16:00:00-04:00,2.3437,2.3438,2.0313,2.0313,76600,0.0,0.0,0.0,0.0,0.0
2000-07-28 16:00:00-04:00,2.1093,2.1875,2.0,2.0,34800,0.0,0.0,0.0,0.0,0.0
2000-07-31 16:00:00-04:00,2.125,2.125,2.0,2.0,151900,0.0,0.0,0.0,0.0,0.0
2000-08-01 16:00:00-04:00,2.0625,2.125,2.0313,2.0625,157600,0.0,0.0,0.0,0.0,0.0
2000-08-02 16:00:00-04:00,2.0937,2.0938,2.0313,2.0938,3500,0.0,0.0,0.0,0.0,0.0
2000-08-03 16:00:00-04:00,2.0625,2.0938,2.0313,2.0938,3800,0.0,0.0,0.0,0.0,0.0
2000-08-04 16:00:00-04:00,2.125,2.4375,2.125,2.4375,88100,0.0,0.0,0.0,0.0,0.0
2000-08-07 16:00:00-04:00,0.0,2.5,2.4063,2.5,30200,0.0,0.0,0.0,0.0,0.0
2000-08-08 16:00:00-04:00,2.4843,2.6563,2.4688,2.6563,19100,0.0,0.0,0.0,0.0,0.0
2000-08-09 16:00:00-04:00,0.0,2.75,2.6563,2.6563,6800,0.0,0.0,0.0,0.0,0.0
2000-08-10 16:00:00-04:00,2.9375,3.0,2.5625,2.5625,34800,0.0,0.0,0.0,0.0,0.0
2000-08-11 16:00:00-04:00,2.5625,2.9375,2.5625,2.9375,52200,0.0,0.0,0.0,0.0,0.0
2000-08-14 16:00:00-04:00,2.8125,2.8438,2.25,2.4063,28700,0.0,0.0,0.0,0.0,0.0
2000-08-15 16:00:00-04:00,0.0,2.5625,2.4219,2.5,11000,0.0,0.0,0.0,0.0,0.0
2000-08-16 16:00:00-04:00,2.5625,2.5938,2.5,2.5625,4700,0.0,0.0,0.0,0.0,0.0
2000-08-17 16:00:00-04:00,2.5937,2.6875,2.3906,2.6875,2300,0.0,0.0,0.0,0.0,0.0
2000-08-18 16:00:00-04:00,2.6406,2.8438,2.625,2.75,31100,0.0,0.0,0.0,0.0,0.0
2000-08-21 16:00:00-04:00,2.7812,2.8438,2.6875,2.8438,19500,0.0,0.0,0.0,0.0,0.0
2000-08-22 16:00:00-04:00,0.0,2.75,2.5469,2.5625,6200,0.0,0.0,0.0,0.0,0.0
2000-08-23 16:00:00-04:00,2.75,2.75,2.625,2.625,187000,0.0,0.0,0.0,0.0,0.0
2000-08-24 16:00:00-04:00,2.625,2.75,2.5313,2.75,42900,0.0,0.0,0.0,0.0,0.0
2000-08-25 16:00:00-04:00,2.6875,2.6875,2.6875,2.6875,300,0.0,0.0,0.0,0.0,0.0
2000-08-28 16:00:00-04:00,0.0,2.75,2.469,2.625,302800,0.0,0.0,0.0,0.0,0.0
2000-08-29 16:00:00-04:00,2.609,2.719,2.609,2.719,165300,0.0,0.0,0.0,0.0,0.0
2000-08-30 16:00:00-04:00,2.719,2.719,2.719,2.719,500,0.0,0.0,0.0,0.0,0.0
2000-08-31 16:00:00-04:00,2.719,2.719,2.625,2.625,9100,0.0,0.0,0.0,0.0,0.0
2000-09-01 16:00:00-04:00,2.734,2.813,2.5,2.563,159200,0.0,0.0,0.0,0.0,0.0
2000-09-05 16:00:00-04:00,2.609,2.719,2.609,2.719,2200,0.0,0.0,0.0,0.0,0.0
2000-09-06 16:00:00-04:00,2.531,2.531,2.406,2.5,13500,0.0,0.0,0.0,0.0,0.0
2000-09-07 16:00:00-04:00,2.5,2.75,2.5,2.75,2700,0.0,0.0,0.0,0.0,0.0
2000-09-08 16:00:00-04:00,2.625,2.75,2.625,2.75,12100,0.0,0.0,0.0,0.0,0.0
2000-09-11 16:00:00-04:00,2.75,2.75,2.625,2.625,6700,0.0,0.0,0.0,0.0,0.0
2000-09-12 16:00:00-04:00,2.75,2.75,2.688,2.719,45300,0.0,0.0,0.0,0.0,0.0
2000-09-13 16:00:00-04:00,2.719,2.719,2.688,2.688,8500,0.0,0.0,0.0,0.0,0.0
2000-09-14 16:00:00-04:00,2.719,2.75,2.719,2.75,400,0.0,0.0,0.0,0.0,0.0
2000-09-15 16:00:00-04:00,2.75,2.938,2.75,2.938,55100,0.0,0.0,0.0,0.0,0.0
2000-09-18 16:00:00-04:00,2.859,2.938,2.859,2.875,15600,0.0,0.0,0.0,0.0,0.0
2000-09-19 16:00:00-04:00,2.875,2.875,2.875,2.875,200,0.0,0.0,0.0,0.0,0.0
2000-09-20 16:00:00-04:00,2.813,2.875,2.813,2.875,13800,0.0,0.0,0.0,0.0,0.0
2000-09-21 16:00:00-04:00,2.875,3.0,2.875,3.0,25000,0.0,0.0,0.0,0.0,0.0
2000-09-22 16:00:00-04:00,2.875,3.0,2.875,2.906,15100,0.0,0.0,0.0,0.0,0.0
2000-09-25 16:00:00-04:00,3.0,3.0,2.969,2.969,11900,0.0,0.0,0.0,0.0,0.0
2000-09-26 16:00:00-04:00,2.969,3.0,2.969,2.969,2400,0.0,0.0,0.0,0.0,0.0
2000-09-27 16:00:00-04:00,2.906,3.0,2.906,3.0,2800,0.0,0.0,0.0,0.0,0.0
2000-09-28 16:00:00-04:00,3.0,3.0,3.0,3.0,300,0.0,0.0,0.0,0.0,0.0
2000-09-29 16:00:00-04:00,2.906,2.938,2.875,2.938,5200,0.0,0.0,0.0,0.0,0.0
2000-10-02 16:00:00-04:00,3.0,3.0,2.938,2.938,5100,0.0,0.0,0.0,0.0,0.0
2000-10-03 16:00:00-04:00,2.938,2.938,2.938,2.938,3300,0.0,0.0,0.0,0.0,0.0
2000-10-04 16:00:00-04:00,2.938,3.0,2.938,2.938,5300,0.0,0.0,0.0,0.0,0.0
2000-10-05 16:00:00-04:00,2.938,2.938,2.906,2.938,15300,0.0,0.0,0.0,0.0,0.0
2000-10-06 16:00:00-04:00,2.844,2.859,2.844,2.844,3500,0.0,0.0,0.0,0.0,0.0
2000-10-09 16:00:00-04:00,0.0,0.0,0.0,2.844,0,0.0,0.0,0.0,0.0,0.0
2000-10-10 16:00:00-04:00,2.813,2.813,2.781,2.781,11600,0.0,0.0,0.0,0.0,0.0
2000-10-11 16:00:00-04:00,2.781,2.969,2.781,2.969,1400,0.0,0.0,0.0,0.0,0.0
2000-10-12 16:00:00-04:00,2.844,2.906,2.375,2.813,55300,0.0,0.0,0.0,0.0,0.0
2000-10-13 16:00:00-04:00,2.875,2.875,2.875,2.875,500,0.0,0.0,0.0,0.0,0.0
2000-10-16 16:00:00-04:00,2.813,2.813,2.781,2.781,300,0.0,0.0,0.0,0.0,0.0
2000-10-17 16:00:00-04:00,2.813,2.813,2.813,2.813,8600,0.0,0.0,0.0,0.0,0.0
2000-10-18 16:00:00-04:00,2.844,2.844,2.844,2.844,1600,0.0,0.0,0.0,0.0,0.0
2000-10-19 16:00:00-04:00,2.813,2.813,2.813,2.813,300,0.0,0.0,0.0,0.0,0.0
2000-10-20 16:00:00-04:00,2.828,2.844,2.813,2.813,4900,0.0,0.0,0.0,0.0,0.0
2000-10-23 16:00:00-04:00,2.828,2.828,2.828,2.828,100,0.0,0.0,0.0,0.0,0.0
2000-10-24 16:00:00-04:00,2.875,2.875,2.813,2.844,7200,0.0,0.0,0.0,0.0,0.0
2000-10-25 16:00:00-04:00,2.859,2.875,2.813,2.813,4200,0.0,0.0,0.0,0.0,0.0
2000-10-26 16:00:00-04:00,2.938,2.969,2.813,2.813,12700,0.0,0.0,0.0,0.0,0.0
2000-10-27 16:00:00-04:00,2.813,2.938,2.813,2.938,1700,0.0,0.0,0.0,0.0,0.0
2000-10-30 16:00:00-05:00,2.906,3.0,2.813,2.969,30600,0.0,0.0,0.0,0.0,0.0
2000-10-31 16:00:00-05:00,2.969,2.969,2.813,2.813,63700,0.0,0.0,0.0,0.0,0.0
2000-11-01 16:00:00-05:00,2.938,2.938,2.875,2.875,3800,0.0,0.0,0.0,0.0,0.0
2000-11-02 16:00:00-05:00,2.875,2.969,2.875,2.969,1200,0.0,0.0,0.0,0.0,0.0
2000-11-03 16:00:00-05:00,3.0,3.0,2.875,2.875,23400,0.0,0.0,0.0,0.0,0.0
2000-11-06 16:00:00-05:00,2.984,3.375,2.984,3.375,59000,0.0,0.0,0.0,0.0,0.0
2000-11-07 16:00:00-05:00,3.266,3.813,3.266,3.594,24800,0.0,0.0,0.0,0.0,0.0
2000-11-08 16:00:00-05:00,3.641,3.688,3.438,3.438,11300,0.0,0.0,0.0,0.0,0.0
2000-11-09 16:00:00-05:00,3.438,3.438,3.375,3.375,2900,0.0,0.0,0.0,0.0,0.0
2000-11-10 16:00:00-05:00,3.375,3.375,3.375,3.375,200,0.0,0.0,0.0,0.0,0.0
2000-11-13 16:00:00-05:00,3.609,3.609,3.25,3.25,9200,0.0,0.0,0.0,0.0,0.0
2000-11-14 16:00:00-05:00,3.359,3.359,3.125,3.25,9600,0.0,0.0,0.0,0.0,0.0
2000-11-15 16:00:00-05:00,3.234,3.25,3.156,3.156,600,0.0,0.0,0.0,0.0,0.0
2000-11-16 16:00:00-05:00,3.234,3.25,3.125,3.125,6200,0.0,0.0,0.0,0.0,0.0
2000-11-17 16:00:00-05:00,3.125,3.125,3.0,3.125,14900,0.0,0.0,0.0,0.0,0.0
2000-11-20 16:00:00-05:00,3.125,3.188,3.125,3.125,8600,0.0,0.0,0.0,0.0,0.0
2000-11-21 16:00:00-05:00,3.125,3.188,3.125,3.125,3700,0.0,0.0,0.0,0.0,0.0
2000-11-22 16:00:00-05:00,3.125,3.125,3.125,3.125,100,0.0,0.0,0.0,0.0,0.0
2000-11-24 16:00:00-05:00,3.031,3.25,3.031,3.25,5400,0.0,0.0,0.0,0.0,0.0
2000-11-27 16:00:00-05:00,3.094,3.094,3.063,3.063,2200,0.0,0.0,0.0,0.0,0.0
2000-11-28 16:00:00-05:00,3.234,3.25,3.0,3.0,11400,0.0,0.0,0.0,0.0,0.0
2000-11-29 16:00:00-05:00,3.375,3.406,3.125,3.188,3500,0.0,0.0,0.0,0.0,0.0
2000-11-30 16:00:00-05:00,3.188,3.25,3.063,3.125,18100,0.0,0.0,0.0,0.0,0.0
2000-12-01 16:00:00-05:00,3.234,3.25,2.875,3.25,270900,0.0,0.0,0.0,0.0,0.0
2000-12-04 16:00:00-05:00,3.359,3.375,3.125,3.375,800,0.0,0.0,0.0,0.0,0.0
2000-12-05 16:00:00-05:00,3.25,3.25,3.125,3.125,11800,0.0,0.0,0.0,0.0,0.0
2000-12-06 16:00:00-05:00,3.203,3.203,3.0,3.0,24900,0.0,0.0,0.0,0.0,0.0
2000-12-07 16:00:00-05:00,2.875,3.219,2.875,3.156,10200,0.0,0.0,0.0,0.0,0.0
2000-12-08 16:00:00-05:00,3.156,3.156,3.0,3.0,4000,0.0,0.0,0.0,0.0,0.0
2000-12-11 16:00:00-05:00,2.875,3.0,2.844,3.0,7800,0.0,0.0,0.0,0.0,0.0
2000-12-12 16:00:00-05:00,2.906,2.906,2.906,2.906,1000,0.0,0.0,0.0,0.0,0.0
2000-12-13 16:00:00-05:00,2.969,2.969,2.906,2.906,1400,0.0,0.0,0.0,0.0,0.0
2000-12-14 16:00:00-05:00,3.156,3.375,2.844,3.25,15800,0.0,0.0,0.0,0.0,0.0
2000-12-15 16:00:00-05:00,3.25,3.25,3.25,3.25,2800,0.0,0.0,0.0,0.0,0.0
2000-12-18 16:00:00-05:00,3.375,3.375,3.125,3.125,5900,0.0,0.0,0.0,0.0,0.0
2000-12-19 16:00:00-05:00,3.125,3.125,3.0,3.0,2400,0.0,0.0,0.0,0.0,0.0
2000-12-20 16:00:00-05:00,2.938,2.953,2.75,2.813,2400,0.0,0.0,0.0,0.0,0.0
2000-12-21 16:00:00-05:00,3.0,3.313,2.938,3.031,70200,0.0,0.0,0.0,0.0,0.0
2000-12-22 16:00:00-05:00,3.109,3.125,3.109,3.125,1400,0.0,0.0,0.0,0.0,0.0
2000-12-26 16:00:00-05:00,3.125,3.125,3.109,3.125,3100,0.0,0.0,0.0,0.0,0.0
2000-12-27 16:00:00-05:00,3.094,3.094,3.063,3.094,800,0.0,0.0,0.0,0.0,0.0
2000-12-28 16:00:00-05:00,3.094,3.125,2.938,2.938,22100,0.0,0.0,0.0,0.0,0.0
2000-12-29 16:00:00-05:00,2.938,3.031,2.938,3.031,7700,0.0,0.0,0.0,0.0,0.0
2001-01-02 16:00:00-05:00,3.0,3.0,2.938,2.938,3500,0.0,0.0,0.0,0.0,0.0
2001-01-03 16:00:00-05:00,2.938,3.063,2.875,3.063,14400,0.0,0.0,0.0,0.0,0.0
2001-01-04 16:00:00-05:00,0.0,0.0,0.0,3.063,0,0.0,0.0,0.0,0.0,0.0
2001-01-05 16:00:00-05:00,0.0,0.0,0.0,3.063,0,0.0,0.0,0.0,0.0,0.0
2001-01-08 16:00:00-05:00,0.0,0.0,0.0,3.063,0,0.0,0.0,0.0,0.0,0.0
2001-01-09 16:00:00-05:00,2.984,3.0,2.813,2.938,17000,0.0,0.0,0.0,0.0,0.0
2001-01-10 16:00:00-05:00,2.875,2.969,2.875,2.875,2200,0.0,0.0,0.0,0.0,0.0
2001-01-11 16:00:00-05:00,2.875,2.938,2.875,2.938,2900,0.0,0.0,0.0,0.0,0.0
2001-01-12 16:00:00-05:00,2.875,2.875,2.875,2.875,7300,0.0,0.0,0.0,0.0,0.0
2001-01-16 16:00:00-05:00,2.875,3.0,2.875,3.0,7100,0.0,0.0,0.0,0.0,0.0
2001-01-17 16:00:00-05:00,2.875,2.875,2.875,2.875,1700,0.0,0.0,0.0,0.0,0.0
2001-01-18 16:00:00-05:00,2.875,2.875,2.813,2.875,3500,0.0,0.0,0.0,0.0,0.0
2001-01-19 16:00:00-05:00,2.813,2.813,2.813,2.813,300,0.0,0.0,0.0,0.0,0.0
2001-01-22 16:00:00-05:00,2.984,2.984,2.813,2.813,200,0.0,0.0,0.0,0.0,0.0
2001-01-23 16:00:00-05:00,3.0,3.0,3.0,3.0,1900,0.0,0.0,0.0,0.0,0.0
2001-01-24 16:00:00-05:00,3.078,3.078,2.938,2.938,12100,0.0,0.0,0.0,0.0,0.0
2001-01-25 16:00:00-05:00,2.953,3.094,2.938,2.938,5100,0.0,0.0,0.0,0.0,0.0
2001-01-26 16:00:00-05:00,2.938,2.938,2.875,2.875,15000,0.0,0.0,0.0,0.0,0.0
2001-01-29 16:00:00-05:00,2.938,3.0,2.938,3.0,4100,0.0,0.0,0.0,0.0,0.0
2001-01-30 16:00:00-05:00,2.938,3.0,2.938,3.0,4200,0.0,0.0,0.0,0.0,0.0
2001-01-31 16:00:00-05:00,3.063,3.063,3.0,3.0,2100,0.0,0.0,0.0,0.0,0.0
2001-02-01 16:00:00-05:00,0.0,0.0,0.0,3.0,0,0.0,0.0,0.0,0.0,0.0
2001-02-02 16:00:00-05:00,3.0,3.063,3.0,3.063,1100,0.0,0.0,0.0,0.0,0.0
2001-02-05 16:00:00-05:00,3.0,3.063,2.875,3.063,4100,0.0,0.0,0.0,0.0,0.0
2001-02-06 16:00:00-05:00,2.938,2.938,2.875,2.875,7000,0.0,0.0,0.0,0.0,0.0
2001-02-07 16:00:00-05:00,2.875,2.875,2.875,2.875,300,0.0,0.0,0.0,0.0,0.0
2001-02-08 16:00:00-05:00,3.0,3.0,3.0,3.0,1500,0.0,0.0,0.0,0.0,0.0
2001-02-09 16:00:00-05:00,2.891,2.891,2.75,2.75,4900,0.0,0.0,0.0,0.0,0.0
2001-02-12 16:00:00-05:00,2.75,2.75,2.75,2.75,12200,0.0,0.0,0.0,0.0,0.0
2001-02-13 16:00:00-05:00,2.797,2.797,2.563,2.563,4700,0.0,0.0,0.0,0.0,0.0
2001-02-14 16:00:00-05:00,2.578,2.75,2.578,2.75,1300,0.0,0.0,0.0,0.0,0.0
2001-02-15 16:00:00-05:00,0.0,0.0,0.0,2.75,0,0.0,0.0,0.0,0.0,0.0
2001-02-16 16:00:00-05:00,2.75,2.75,2.75,2.75,1000,0.0,0.0,0.0,0.0,0.0
2001-02-20 16:00:00-05:00,2.75,3.0,2.75,3.0,55100,0.0,0.0,0.0,0.0,0.0
2001-02-21 16:00:00-05:00,0.0,0.0,0.0,3.0,0,0.0,0.0,0.0,0.0,0.0
2001-02-22 16:00:00-05:00,2.875,2.938,2.875,2.875,3100,0.0,0.0,0.0,0.0,0.0
2001-02-23 16:00:00-05:00,2.906,3.0,2.656,2.75,100500,0.0,0.0,0.0,0.0,0.0
2001-02-26 16:00:00-05:00,2.703,2.813,2.703,2.813,1200,0.0,0.0,0.0,0.0,0.0
2001-02-27 16:00:00-05:00,2.703,2.719,2.625,2.625,3600,0.0,0.0,0.0,0.0,0.0
2001-02-28 16:00:00-05:00,0.0,0.0,0.0,2.625,0,0.0,0.0,0.0,0.0,0.0
2001-03-01 16:00:00-05:00,2.625,2.688,2.563,2.563,3900,0.0,0.0,0.0,0.0,0.0
2001-03-02 16:00:00-05:00,2.625,2.625,2.563,2.563,2100,0.0,0.0,0.0,0.0,0.0
2001-03-05 16:00:00-05:00,2.625,2.688,2.625,2.688,800,0.0,0.0,0.0,0.0,0.0
2001-03-06 16:00:00-05:00,2.688,2.688,2.625,2.625,400,0.0,0.0,0.0,0.0,0.0
2001-03-07 16:00:00-05:00,2.625,2.813,2.563,2.75,58200,0.0,0.0,0.0,0.0,0.0
2001-03-08 16:00:00-05:00,2.688,2.688,2.688,2.688,4700,0.0,0.0,0.0,0.0,0.0
2001-03-09 16:00:00-05:00,2.563,2.563,2.531,2.563,3600,0.0,0.0,0.0,0.0,0.0
2001-03-12 16:00:00-05:00,2.625,2.625,2.5,2.5,3100,0.0,0.0,0.0,0.0,0.0
2001-03-13 16:00:00-05:00,2.438,2.625,2.438,2.625,2000,0.0,0.0,0.0,0.0,0.0
2001-03-14 16:00:00-05:00,2.625,2.938,2.531,2.875,94800,0.0,0.0,0.0,0.0,0.0
2001-03-15 16:00:00-05:00,2.875,2.875,2.813,2.813,19000,0.0,0.0,0.0,0.0,0.0
2001-03-16 16:00:00-05:00,2.875,2.875,2.75,2.75,14100,0.0,0.0,0.0,0.0,0.0
2001-03-19 16:00:00-05:00,2.734,2.75,2.656,2.656,1400,0.0,0.0,0.0,0.0,0.0
2001-03-20 16:00:00-05:00,2.688,2.688,2.688,2.688,400,0.0,0.0,0.0,0.0,0.0
2001-03-21 16:00:00-05:00,2.625,2.625,2.375,2.375,7400,0.0,0.0,0.0,0.0,0.0
2001-03-22 16:00:00-05:00,2.375,2.375,2.375,2.375,2300,0.0,0.0,0.0,0.0,0.0
2001-03-23 16:00:00-05:00,2.375,2.375,2.25,2.25,29000,0.0,0.0,0.0,0.0,0.0
2001-03-26 16:00:00-05:00,2.281,2.281,2.281,2.281,100,0.0,0.0,0.0,0.0,0.0
2001-03-27 16:00:00-05:00,2.469,2.5,2.375,2.5,600,0.0,0.0,0.0,0.0,0.0
2001-03-28 16:00:00-05:00,2.563,2.563,2.563,2.563,300,0.0,0.0,0.0,0.0,0.0
2001-03-29 16:00:00-05:00,2.375,2.375,2.313,2.313,1500,0.0,0.0,0.0,0.0,0.0
2001-03-30 16:00:00-05:00,2.328,2.688,2.328,2.688,3900,0.0,0.0,0.0,0.0,0.0
2001-04-02 16:00:00-04:00,0.0,0.0,0.0,2.688,0,0.0,0.0,0.0,0.0,0.0
2001-04-03 16:00:00-04:00,2.547,2.547,2.281,2.438,5100,0.0,0.0,0.0,0.0,0.0
2001-04-04 16:00:00-04:00,2.313,2.313,1.938,2.125,28800,0.0,0.0,0.0,0.0,0.0
2001-04-05 16:00:00-04:00,0.0,0.0,0.0,2.125,0,0.0,0.0,0.0,0.0,0.0
2001-04-06 16:00:00-04:00,2.25,2.375,2.25,2.375,1300,0.0,0.0,0.0,0.0,0.0
2001-04-09 16:00:00-04:00,0.0,0.0,0.0,2.375,0,0.0,0.0,0.0,0.0,0.0
2001-04-10 16:00:00-04:00,2.301,2.301,2.27,2.27,3400,0.0,0.0,0.0,0.0,0.0
2001-04-11 16:00:00-04:00,2.25,2.5,2.25,2.5,9700,0.0,0.0,0.0,0.0,0.0
2001-04-12 16:00:00-04:00,2.5,2.5,2.5,2.5,500,0.0,0.0,0.0,0.0,0.0
2001-04-16 16:00:00-04:00,2.5,2.5,2.5,2.5,600,0.0,0.0,0.0,0.0,0.0
2001-04-17 16:00:00-04:00,2.5,2.5,2.5,2.5,2900,0.0,0.0,0.0,0.0,0.0
2001-04-18 16:00:00-04:00,2.52,2.539,2.52,2.539,1400,0.0,0.0,0.0,0.0,0.0
2001-04-19 16:00:00-04:00,2.539,2.6,2.539,2.6,300,0.0,0.0,0.0,0.0,0.0
2001-04-20 16:00:00-04:00,2.66,2.699,2.65,2.65,1200,0.0,0.0,0.0,0.0,0.0
2001-04-23 16:00:00-04:00,0.0,0.0,0.0,2.65,0,0.0,0.0,0.0,0.0,0.0
2001-04-24 16:00:00-04:00,0.0,0.0,0.0,2.65,0,0.0,0.0,0.0,0.0,0.0
2001-04-25 16:00:00-04:00,2.641,2.699,2.641,2.65,4300,0.0,0.0,0.0,0.0,0.0
2001-04-26 16:00:00-04:00,2.65,2.65,2.65,2.65,800,0.0,0.0,0.0,0.0,0.0
2001-04-27 16:00:00-04:00,2.68,2.689,2.65,2.689,14200,0.0,0.0,0.0,0.0,0.0
2001-04-30 16:00:00-04:00,2.6,2.65,2.35,2.6,11600,0.0,0.0,0.0,0.0,0.0
2001-05-01 16:00:00-04:00,2.449,2.57,2.301,2.551,5500,0.0,0.0,0.0,0.0,0.0
2001-05-02 16:00:00-04:00,2.551,2.699,2.0,2.25,37800,0.0,0.0,0.0,0.0,0.0
2001-05-03 16:00:00-04:00,2.34,2.34,2.25,2.33,4000,0.0,0.0,0.0,0.0,0.0
2001-05-04 16:00:00-04:00,2.279,2.35,2.25,2.25,3500,0.0,0.0,0.0,0.0,0.0
2001-05-07 16:00:00-04:00,2.43,2.439,2.301,2.439,4600,0.0,0.0,0.0,0.0,0.0
2001-05-08 16:00:00-04:00,2.27,2.4,2.15,2.4,3500,0.0,0.0,0.0,0.0,0.0
2001-05-09 16:00:00-04:00,2.4,2.4,2.4,2.4,400,0.0,0.0,0.0,0.0,0.0
2001-05-10 16:00:00-04:00,2.289,2.49,2.289,2.49,3000,0.0,0.0,0.0,0.0,0.0
2001-05-11 16:00:00-04:00,2.41,2.49,2.41,2.49,300,0.0,0.0,0.0,0.0,0.0
2001-05-14 16:00:00-04:00,2.4,2.4,2.4,2.4,2200,0.0,0.0,0.0,0.0,0.0
2001-05-15 16:00:00-04:00,2.6,3.119,2.6,2.801,17100,0.0,0.0,0.0,0.0,0.0
2001-05-16 16:00:00-04:00,2.789,2.891,2.59,2.75,8200,0.0,0.0,0.0,0.0,0.0
2001-05-17 16:00:00-04:00,2.891,3.029,2.75,3.029,14700,0.0,0.0,0.0,0.0,0.0
2001-05-18 16:00:00-04:00,2.801,3.189,2.801,3.1,18100,0.0,0.0,0.0,0.0,0.0
2001-05-21 16:00:00-04:00,3.1,3.1,2.93,2.93,10700,0.0,0.0,0.0,0.0,0.0
2001-05-22 16:00:00-04:00,3.18,3.189,2.939,3.0,10100,0.0,0.0,0.0,0.0,0.0
2001-05-23 16:00:00-04:00,3.0,3.189,3.0,3.15,32400,0.0,0.0,0.0,0.0,0.0
2001-05-24 16:00:00-04:00,3.189,3.619,3.189,3.551,15000,0.0,0.0,0.0,0.0,0.0
2001-05-25 16:00:00-04:00,3.59,4.199,3.57,3.949,41800,0.0,0.0,0.0,0.0,0.0
2001-05-29 16:00:00-04:00,4.0,4.0,3.58,3.58,12900,0.0,0.0,0.0,0.0,0.0
2001-05-30 16:00:00-04:00,3.59,3.881,3.59,3.881,1800,0.0,0.0,0.0,0.0,0.0
2001-05-31 16:00:00-04:00,3.9,4.18,3.9,4.1,28200,0.0,0.0,0.0,0.0,0.0
2001-06-01 16:00:00-04:00,4.199,4.199,4.051,4.051,20300,0.0,0.0,0.0,0.0,0.0
2001-06-04 16:00:00-04:00,4.131,4.16,4.02,4.1,20000,0.0,0.0,0.0,0.0,0.0
2001-06-05 16:00:00-04:00,4.109,4.221,4.029,4.029,38800,0.0,0.0,0.0,0.0,0.0
2001-06-06 16:00:00-04:00,4.15,4.15,3.789,3.869,34900,0.0,0.0,0.0,0.0,0.0
2001-06-07 16:00:00-04:00,3.971,3.971,3.869,3.971,23100,0.0,0.0,0.0,0.0,0.0
2001-06-08 16:00:00-04:00,3.9,3.9,3.641,3.65,16300,0.0,0.0,0.0,0.0,0.0
2001-06-11 16:00:00-04:00,3.65,3.971,3.65,3.971,3700,0.0,0.0,0.0,0.0,0.0
2001-06-12 16:00:00-04:00,3.85,4.07,3.85,4.07,9500,0.0,0.0,0.0,0.0,0.0
2001-06-13 16:00:00-04:00,4.0,4.199,4.0,4.1,35200,0.0,0.0,0.0,0.0,0.0
2001-06-14 16:00:00-04:00,4.17,4.17,4.051,4.08,23700,0.0,0.0,0.0,0.0,0.0
2001-06-15 16:00:00-04:00,4.08,4.25,4.051,4.221,16900,0.0,0.0,0.0,0.0,0.0
2001-06-18 16:00:00-04:00,4.24,4.75,4.119,4.689,64900,0.0,0.0,0.0,0.0,0.0
2001-06-19 16:00:00-04:00,4.961,4.971,4.6,4.75,82700,0.0,0.0,0.0,0.0,0.0
2001-06-20 16:00:00-04:00,4.74,4.75,4.539,4.551,55300,0.0,0.0,0.0,0.0,0.0
2001-06-21 16:00:00-04:00,4.529,4.699,4.25,4.561,23100,0.0,0.0,0.0,0.0,0.0
2001-06-22 16:00:00-04:00,4.65,4.66,4.57,4.6,29500,0.0,0.0,0.0,0.0,0.0
2001-06-25 16:00:00-04:00,4.641,4.65,4.561,4.619,18800,0.0,0.0,0.0,0.0,0.0
2001-06-26 16:00:00-04:00,4.619,5.301,4.551,5.17,67300,0.0,0.0,0.0,0.0,0.0
2001-06-27 16:00:00-04:00,5.301,5.35,4.85,5.051,72400,0.0,0.0,0.0,0.0,0.0
2001-06-28 16:00:00-04:00,5.1,5.1,4.91,4.99,11900,0.0,0.0,0.0,0.0,0.0
2001-06-29 16:00:00-04:00,4.961,5.1,4.881,5.051,25900,0.0,0.0,0.0,0.0,0.0
2001-07-02 16:00:00-04:00,5.449,5.6,5.301,5.4,85700,0.0,0.0,0.0,0.0,0.0
2001-07-03 16:00:00-04:00,5.551,5.551,5.4,5.51,36100,0.0,0.0,0.0,0.0,0.0
2001-07-05 16:00:00-04:00,5.561,5.65,5.301,5.301,48100,0.0,0.0,0.0,0.0,0.0
2001-07-06 16:00:00-04:00,5.66,5.699,5.15,5.4,56000,0.0,0.0,0.0,0.0,0.0
2001-07-09 16:00:00-04:00,5.49,5.49,5.301,5.449,29700,0.0,0.0,0.0,0.0,0.0
2001-07-10 16:00:00-04:00,5.359,5.4,5.26,5.34,30200,0.0,0.0,0.0,0.0,0.0
2001-07-11 16:00:00-04:00,5.439,5.461,5.27,5.4,25600,0.0,0.0,0.0,0.0,0.0
2001-07-12 16:00:00-04:00,5.391,5.5,5.35,5.35,13600,0.0,0.0,0.0,0.0,0.0
2001-07-13 16:00:00-04:00,5.35,5.35,4.91,5.029,41200,0.0,0.0,0.0,0.0,0.0
2001-07-16 16:00:00-04:00,5.211,5.211,5.061,5.15,43100,0.0,0.0,0.0,0.0,0.0
2001-07-17 16:00:00-04:00,5.189,5.199,4.98,5.051,12600,0.0,0.0,0.0,0.0,0.0
2001-07-18 16:00:00-04:00,5.08,5.5,5.08,5.43,26600,0.0,0.0,0.0,0.0,0.0
2001-07-19 16:00:00-04:00,5.49,5.5,5.301,5.301,11400,0.0,0.0,0.0,0.0,0.0
2001-07-20 16:00:00-04:00,5.26,5.26,5.01,5.02,29700,0.0,0.0,0.0,0.0,0.0
2001-07-23 16:00:00-04:00,5.18,5.23,5.051,5.1,16500,0.0,0.0,0.0,0.0,0.0
2001-07-24 16:00:00-04:00,5.279,5.279,5.15,5.15,9100,0.0,0.0,0.0,0.0,0.0
2001-07-25 16:00:00-04:00,5.24,5.24,5.02,5.119,16600,0.0,0.0,0.0,0.0,0.0
2001-07-26 16:00:00-04:00,5.369,5.43,5.061,5.24,26700,0.0,0.0,0.0,0.0,0.0
2001-07-27 16:00:00-04:00,5.301,5.301,5.08,5.17,4300,0.0,0.0,0.0,0.0,0.0
2001-07-30 16:00:00-04:00,5.029,5.25,5.02,5.23,18100,0.0,0.0,0.0,0.0,0.0
2001-07-31 16:00:00-04:00,5.34,5.35,5.141,5.189,28400,0.0,0.0,0.0,0.0,0.0
2001-08-01 16:00:00-04:00,5.23,5.34,5.15,5.27,38800,0.0,0.0,0.0,0.0,0.0
2001-08-02 16:00:00-04:00,5.279,5.43,5.279,5.369,16800,0.0,0.0,0.0,0.0,0.0
2001-08-03 16:00:00-04:00,5.32,5.35,5.25,5.26,20200,0.0,0.0,0.0,0.0,0.0
2001-08-06 16:00:00-04:00,5.449,5.449,5.199,5.301,12900,0.0,0.0,0.0,0.0,0.0
2001-08-07 16:00:00-04:00,5.35,5.369,5.35,5.35,4900,0.0,0.0,0.0,0.0,0.0
2001-08-08 16:00:00-04:00,5.4,5.449,5.301,5.4,7800,0.0,0.0,0.0,0.0,0.0
2001-08-09 16:00:00-04:00,5.4,5.4,5.061,5.061,51500,0.0,0.0,0.0,0.0,0.0
2001-08-10 16:00:00-04:00,5.16,5.199,5.1,5.199,16000,0.0,0.0,0.0,0.0,0.0
2001-08-13 16:00:00-04:00,5.23,5.301,5.15,5.301,36200,0.0,0.0,0.0,0.0,0.0
2001-08-14 16:00:00-04:00,5.32,5.32,5.26,5.26,8300,0.0,0.0,0.0,0.0,0.0
2001-08-15 16:00:00-04:00,5.311,5.311,5.279,5.279,2200,0.0,0.0,0.0,0.0,0.0
2001-08-16 16:00:00-04:00,5.311,5.311,5.221,5.23,7700,0.0,0.0,0.0,0.0,0.0
2001-08-17 16:00:00-04:00,5.25,5.25,5.23,5.23,5600,0.0,0.0,0.0,0.0,0.0
2001-08-20 16:00:00-04:00,5.25,5.25,5.23,5.24,15400,0.0,0.0,0.0,0.0,0.0
2001-08-21 16:00:00-04:00,5.176,5.279,5.17,5.24,22200,0.0,0.0,0.0,0.0,0.0
2001-08-22 16:00:00-04:00,5.25,5.25,5.18,5.23,25700,0.0,0.0,0.0,0.0,0.0
2001-08-23 16:00:00-04:00,5.23,5.23,5.01,5.15,30200,0.0,0.0,0.0,0.0,0.0
2001-08-24 16:00:00-04:00,5.01,5.15,5.01,5.1,6600,0.0,0.0,0.0,0.0,0.0
2001-08-27 16:00:00-04:00,5.0,5.1,4.811,5.0,24900,0.0,0.0,0.0,0.0,0.0
2001-08-28 16:00:00-04:00,4.801,4.949,4.5,4.949,45000,0.0,0.0,0.0,0.0,0.0
2001-08-29 16:00:00-04:00,4.91,5.09,4.76,4.84,14900,0.0,0.0,0.0,0.0,0.0
2001-08-30 16:00:00-04:00,4.801,4.801,4.76,4.801,4300,0.0,0.0,0.0,0.0,0.0
2001-08-31 16:00:00-04:00,4.801,4.92,4.77,4.85,5800,0.0,0.0,0.0,0.0,0.0
2001-09-04 16:00:00-04:00,4.9,4.99,4.85,4.99,10700,0.0,0.0,0.0,0.0,0.0
2001-09-05 16:00:00-04:00,4.99,4.99,4.86,4.94,3400,0.0,0.0,0.0,0.0,0.0
2001-09-06 16:00:00-04:00,4.86,4.9,4.8,4.9,22500,0.0,0.0,0.0,0.0,0.0
2001-09-07 16:00:00-04:00,4.85,4.9,4.78,4.78,8600,0.0,0.0,0.0,0.0,0.0
2001-09-10 16:00:00-04:00,4.78,4.84,4.78,4.79,10000,0.0,0.0,0.0,0.0,0.0
2001-09-17 16:00:00-04:00,4.801,4.801,3.961,4.49,61200,0.0,0.0,0.0,0.0,0.0
2001-09-18 16:00:00-04:00,4.5,4.5,4.199,4.199,15300,0.0,0.0,0.0,0.0,0.0
2001-09-19 16:00:00-04:00,4.15,4.199,3.52,4.0,35900,0.0,0.0,0.0,0.0,0.0
2001-09-20 16:00:00-04:00,3.5,3.98,3.5,3.75,19400,0.0,0.0,0.0,0.0,0.0
2001-09-21 16:00:00-04:00,3.58,3.75,3.5,3.699,6300,0.0,0.0,0.0,0.0,0.0
2001-09-24 16:00:00-04:00,3.75,3.949,3.5,3.949,20800,0.0,0.0,0.0,0.0,0.0
2001-09-25 16:00:00-04:00,3.961,4.5,3.779,4.5,23100,0.0,0.0,0.0,0.0,0.0
2001-09-26 16:00:00-04:00,4.5,4.5,4.25,4.25,3700,0.0,0.0,0.0,0.0,0.0
2001-09-27 16:00:00-04:00,4.25,4.99,4.109,4.98,39700,0.0,0.0,0.0,0.0,0.0
2001-09-28 16:00:00-04:00,4.449,4.801,4.449,4.699,5100,0.0,0.0,0.0,0.0,0.0
2001-10-01 16:00:00-04:00,4.1,4.5,4.09,4.4,9200,0.0,0.0,0.0,0.0,0.0
2001-10-02 16:00:00-04:00,4.26,4.4,4.26,4.4,3700,0.0,0.0,0.0,0.0,0.0
2001-10-03 16:00:00-04:00,4.5,4.619,4.4,4.619,3900,0.0,0.0,0.0,0.0,0.0
2001-10-04 16:00:00-04:00,4.5,4.801,4.5,4.801,4900,0.0,0.0,0.0,0.0,0.0
2001-10-05 16:00:00-04:00,4.721,4.75,4.699,4.75,3100,0.0,0.0,0.0,0.0,0.0
2001-10-08 16:00:00-04:00,4.65,4.65,4.6,4.6,1800,0.0,0.0,0.0,0.0,0.0
2001-10-09 16:00:00-04:00,4.6,4.6,4.41,4.5,3000,0.0,0.0,0.0,0.0,0.0
2001-10-10 16:00:00-04:00,4.75,4.8,4.36,4.42,16100,0.0,0.0,0.0,0.0,0.0
2001-10-11 16:00:00-04:00,4.5,4.5,4.45,4.5,2300,0.0,0.0,0.0,0.0,0.0
2001-10-12 16:00:00-04:00,4.55,4.74,4.55,4.74,4000,0.0,0.0,0.0,0.0,0.0
2001-10-15 16:00:00-04:00,4.73,4.75,4.6,4.75,13600,0.0,0.0,0.0,0.0,0.0
2001-10-16 16:00:00-04:00,4.64,4.64,4.64,4.64,1300,0.0,0.0,0.0,0.0,0.0
2001-10-17 16:00:00-04:00,4.72,4.72,4.72,4.72,400,0.0,0.0,0.0,0.0,0.0
2001-10-18 16:00:00-04:00,4.6,4.6,4.6,4.6,1000,0.0,0.0,0.0,0.0,0.0
2001-10-19 16:00:00-04:00,4.7,4.7,4.7,4.7,2000,0.0,0.0,0.0,0.0,0.0
2001-10-22 16:00:00-04:00,4.32,4.63,4.32,4.5,1800,0.0,0.0,0.0,0.0,0.0
2001-10-23 16:00:00-04:00,4.51,4.67,4.33,4.66,5900,0.0,0.0,0.0,0.0,0.0
2001-10-24 16:00:00-04:00,4.66,4.66,4.5,4.5,1100,0.0,0.0,0.0,0.0,0.0
2001-10-25 16:00:00-04:00,4.5,4.62,4.36,4.62,2400,0.0,0.0,0.0,0.0,0.0
2001-10-26 16:00:00-04:00,4.67,4.67,4.28,4.38,1400,0.0,0.0,0.0,0.0,0.0
2001-10-29 16:00:00-05:00,4.38,4.38,4.37,4.37,1800,0.0,0.0,0.0,0.0,0.0
2001-10-30 16:00:00-05:00,4.37,4.4,4.28,4.4,8800,0.0,0.0,0.0,0.0,0.0
2001-10-31 16:00:00-05:00,4.27,4.61,4.27,4.5,11200,0.0,0.0,0.0,0.0,0.0
2001-11-01 16:00:00-05:00,0.0,0.0,0.0,4.5,0,0.0,0.0,0.0,0.0,0.0
2001-11-02 16:00:00-05:00,4.4,4.4,4.4,4.4,300,0.0,0.0,0.0,0.0,0.0
2001-11-05 16:00:00-05:00,4.57,4.59,4.2,4.59,12200,0.0,0.0,0.0,0.0,0.0
2001-11-06 16:00:00-05:00,4.59,4.74,4.5,4.59,12700,0.0,0.0,0.0,0.0,0.0
2001-11-07 16:00:00-05:00,4.6,4.68,4.55,4.55,7000,0.0,0.0,0.0,0.0,0.0
2001-11-08 16:00:00-05:00,4.55,4.55,4.37,4.37,1000,0.0,0.0,0.0,0.0,0.0
2001-11-09 16:00:00-05:00,4.74,4.8,4.6,4.65,17100,0.0,0.0,0.0,0.0,0.0
2001-11-12 16:00:00-05:00,4.8,4.8,4.65,4.65,1900,0.0,0.0,0.0,0.0,0.0
2001-11-13 16:00:00-05:00,4.75,4.8,4.73,4.76,19000,0.0,0.0,0.0,0.0,0.0
2001-11-14 16:00:00-05:00,4.76,4.8,4.75,4.79,3100,0.0,0.0,0.0,0.0,0.0
2001-11-15 16:00:00-05:00,4.8,4.85,4.8,4.85,10200,0.0,0.0,0.0,0.0,0.0
2001-11-16 16:00:00-05:00,4.86,4.97,4.85,4.97,13800,0.0,0.0,0.0,0.0,0.0
2001-11-19 16:00:00-05:00,5.0,5.08,4.88,5.0,14200,0.0,0.0,0.0,0.0,0.0
2001-11-20 16:00:00-05:00,5.0,5.14,5.0,5.06,22500,0.0,0.0,0.0,0.0,0.0
2001-11-21 16:00:00-05:00,5.14,5.3,5.14,5.29,56600,0.0,0.0,0.0,0.0,0.0
2001-11-23 16:00:00-05:00,5.18,5.4,5.18,5.37,36400,0.0,0.0,0.0,0.0,0.0
2001-11-26 16:00:00-05:00,5.425,5.75,5.3,5.64,194200,0.0,0.0,0.0,0.0,0.0
2001-11-27 16:00:00-05:00,5.69,5.7,5.5,5.55,98000,0.0,0.0,0.0,0.0,0.0
2001-11-28 16:00:00-05:00,5.51,5.59,5.2,5.35,38100,0.0,0.0,0.0,0.0,0.0
2001-11-29 16:00:00-05:00,5.35,5.53,5.3,5.42,20500,0.0,0.0,0.0,0.0,0.0
2001-11-30 16:00:00-05:00,5.42,5.44,5.25,5.44,18700,0.0,0.0,0.0,0.0,0.0
2001-12-03 16:00:00-05:00,5.49,5.49,5.26,5.43,36800,0.0,0.0,0.0,0.0,0.0
2001-12-04 16:00:00-05:00,5.47,5.48,5.33,5.37,12000,0.0,0.0,0.0,0.0,0.0
2001-12-05 16:00:00-05:00,5.3,5.32,5.11,5.15,33700,0.0,0.0,0.0,0.0,0.0
2001-12-06 16:00:00-05:00,5.11,5.23,5.1,5.19,11200,0.0,0.0,0.0,0.0,0.0
2001-12-07 16:00:00-05:00,5.21,5.25,5.15,5.15,13200,0.0,0.0,0.0,0.0,0.0
2001-12-10 16:00:00-05:00,5.13,5.39,5.125,5.34,21800,0.0,0.0,0.0,0.0,0.0
2001-12-11 16:00:00-05:00,5.4,5.41,5.25,5.3,18300,0.0,0.0,0.0,0.0,0.0
2001-12-12 16:00:00-05:00,5.27,5.33,5.27,5.32,1200,0.0,0.0,0.0,0.0,0.0
2001-12-13 16:00:00-05:00,5.33,5.33,5.1,5.17,15300,0.0,0.0,0.0,0.0,0.0
2001-12-14 16:00:00-05:00,5.11,5.27,5.1,5.27,13300,0.0,0.0,0.0,0.0,0.0
2001-12-17 16:00:00-05:00,5.15,5.59,5.15,5.44,77000,0.0,0.0,0.0,0.0,0.0
2001-12-18 16:00:00-05:00,5.37,5.5,5.22,5.3,27700,0.0,0.0,0.0,0.0,0.0
2001-12-19 16:00:00-05:00,5.3,5.39,5.28,5.35,44900,0.0,0.0,0.0,0.0,0.0
2001-12-20 16:00:00-05:00,5.35,5.41,5.33,5.41,12600,0.0,0.0,0.0,0.0,0.0
2001-12-21 16:00:00-05:00,5.33,5.33,5.26,5.28,5400,0.0,0.0,0.0,0.0,0.0
2001-12-24 16:00:00-05:00,5.3,5.3,5.3,5.3,800,0.0,0.0,0.0,0.0,0.0
2001-12-26 16:00:00-05:00,5.31,5.31,5.15,5.29,8100,0.0,0.0,0.0,0.0,0.0
2001-12-27 16:00:00-05:00,5.28,5.5,5.21,5.4,46600,0.0,0.0,0.0,0.0,0.0
2001-12-28 16:00:00-05:00,5.36,5.36,5.3,5.3,3000,0.0,0.0,0.0,0.0,0.0
2001-12-31 16:00:00-05:00,5.35,5.35,5.15,5.19,17300,0.0,0.0,0.0,0.0,0.0
2002-01-02 16:00:00-05:00,5.19,5.5,5.19,5.43,53300,0.0,0.0,0.0,0.0,0.0
2002-01-03 16:00:00-05:00,5.49,5.49,5.33,5.36,16600,0.0,0.0,0.0,0.0,0.0
2002-01-04 16:00:00-05:00,5.39,5.39,5.25,5.25,22500,0.0,0.0,0.0,0.0,0.0
2002-01-07 16:00:00-05:00,5.3,5.44,5.29,5.35,35300,0.0,0.0,0.0,0.0,0.0
2002-01-08 16:00:00-05:00,5.34,5.39,5.24,5.3,5100,0.0,0.0,0.0,0.0,0.0
2002-01-09 16:00:00-05:00,5.21,5.31,5.18,5.18,23900,0.0,0.0,0.0,0.0,0.0
2002-01-10 16:00:00-05:00,5.19,5.35,5.18,5.27,56200,0.0,0.0,0.0,0.0,0.0
2002-01-11 16:00:00-05:00,5.32,5.35,5.25,5.25,24000,0.0,0.0,0.0,0.0,0.0
2002-01-14 16:00:00-05:00,5.29,5.29,5.24,5.24,9100,0.0,0.0,0.0,0.0,0.0
2002-01-15 16:00:00-05:00,5.28,5.28,5.2,5.2,15300,0.0,0.0,0.0,0.0,0.0
2002-01-16 16:00:00-05:00,5.2,5.2,5.1,5.19,39500,0.0,0.0,0.0,0.0,0.0
2002-01-17 16:00:00-05:00,5.18,5.25,5.1,5.18,17200,0.0,0.0,0.0,0.0,0.0
2002-01-18 16:00:00-05:00,5.23,5.23,5.13,5.19,16000,0.0,0.0,0.0,0.0,0.0
2002-01-22 16:00:00-05:00,5.17,5.25,5.13,5.15,18900,0.0,0.0,0.0,0.0,0.0
2002-01-23 16:00:00-05:00,5.15,5.16,5.1,5.15,8200,0.0,0.0,0.0,0.0,0.0
2002-01-24 16:00:00-05:00,5.1,5.19,5.04,5.19,21700,0.0,0.0,0.0,0.0,0.0
2002-01-25 16:00:00-05:00,5.25,5.25,5.15,5.15,7300,0.0,0.0,0.0,0.0,0.0
2002-01-28 16:00:00-05:00,5.2,5.2,5.05,5.1,9600,0.0,0.0,0.0,0.0,0.0
2002-01-29 16:00:00-05:00,5.01,5.1,4.77,5.1,77000,0.0,0.0,0.0,0.0,0.0
2002-01-30 16:00:00-05:00,5.01,5.07,4.92,5.05,16400,0.0,0.0,0.0,0.0,0.0
2002-01-31 16:00:00-05:00,5.1,5.15,5.05,5.14,13000,0.0,0.0,0.0,0.0,0.0
2002-02-01 16:00:00-05:00,5.14,5.19,5.1,5.18,25800,0.0,0.0,0.0,0.0,0.0
2002-02-04 16:00:00-05:00,5.06,5.18,5.06,5.15,12100,0.0,0.0,0.0,0.0,0.0
2002-02-05 16:00:00-05:00,5.1,5.17,5.05,5.09,14800,0.0,0.0,0.0,0.0,0.0
2002-02-06 16:00:00-05:00,5.15,5.15,4.91,5.09,30700,0.0,0.0,0.0,0.0,0.0
2002-02-07 16:00:00-05:00,5.03,5.09,5.03,5.08,1500,0.0,0.0,0.0,0.0,0.0
2002-02-08 16:00:00-05:00,5.08,5.08,4.93,5.0,37600,0.0,0.0,0.0,0.0,0.0
2002-02-11 16:00:00-05:00,5.0,5.16,5.0,5.09,48000,0.0,0.0,0.0,0.0,0.0
2002-02-12 16:00:00-05:00,5.08,5.14,5.03,5.12,19100,0.0,0.0,0.0,0.0,0.0
2002-02-13 16:00:00-05:00,5.14,5.16,5.02,5.13,9100,0.0,0.0,0.0,0.0,0.0
2002-02-14 16:00:00-05:00,5.13,5.15,5.0,5.1,10700,0.0,0.0,0.0,0.0,0.0
2002-02-15 16:00:00-05:00,5.0,5.14,5.0,5.05,14700,0.0,0.0,0.0,0.0,0.0
2002-02-19 16:00:00-05:00,5.01,5.11,5.01,5.1,2900,0.0,0.0,0.0,0.0,0.0
2002-02-20 16:00:00-05:00,5.12,5.13,5.1,5.12,17300,0.0,0.0,0.0,0.0,0.0
2002-02-21 16:00:00-05:00,5.11,5.12,5.1,5.1,29200,0.0,0.0,0.0,0.0,0.0
2002-02-22 16:00:00-05:00,5.12,5.12,5.03,5.05,10400,0.0,0.0,0.0,0.0,0.0
2002-02-25 16:00:00-05:00,5.035,5.07,4.93,4.93,60300,0.0,0.0,0.0,0.0,0.0
2002-02-26 16:00:00-05:00,4.98,4.98,4.93,4.95,15200,0.0,0.0,0.0,0.0,0.0
2002-02-27 16:00:00-05:00,4.98,5.09,4.96,5.07,16200,0.0,0.0,0.0,0.0,0.0
2002-02-28 16:00:00-05:00,4.96,5.0,4.95,4.985,16400,0.0,0.0,0.0,0.0,0.0
2002-03-01 16:00:00-05:00,5.0,5.0,4.95,5.0,7900,0.0,0.0,0.0,0.0,0.0
2002-03-04 16:00:00-05:00,5.0,5.1,4.95,5.03,131300,0.0,0.0,0.0,0.0,0.0
2002-03-05 16:00:00-05:00,5.11,5.13,5.06,5.08,52200,0.0,0.0,0.0,0.0,0.0
2002-03-06 16:00:00-05:00,5.12,5.12,5.04,5.12,49700,0.0,0.0,0.0,0.0,0.0
2002-03-07 16:00:00-05:00,5.12,5.156,5.03,5.06,36300,0.0,0.0,0.0,0.0,0.0
2002-03-08 16:00:00-05:00,5.08,5.08,4.96,5.04,58900,0.0,0.0,0.0,0.0,0.0
2002-03-11 16:00:00-05:00,5.06,5.06,5.0,5.01,38700,0.0,0.0,0.0,0.0,0.0
2002-03-12 16:00:00-05:00,5.02,5.08,4.98,5.055,30600,0.0,0.0,0.0,0.0,0.0
2002-03-13 16:00:00-05:00,5.09,5.12,5.04,5.12,115400,0.0,0.0,0.0,0.0,0.0
2002-03-14 16:00:00-05:00,5.13,5.23,5.08,5.19,184200,0.0,0.0,0.0,0.0,0.0
2002-03-15 16:00:00-05:00,5.21,5.38,5.19,5.38,365600,0.0,0.0,0.0,0.0,0.0
2002-03-18 16:00:00-05:00,5.38,5.47,5.25,5.33,147600,0.0,0.0,0.0,0.0,0.0
2002-03-19 16:00:00-05:00,5.34,5.36,5.26,5.32,144600,0.0,0.0,0.0,0.0,0.0
2002-03-20 16:00:00-05:00,5.34,5.56,5.34,5.54,474000,0.0,0.0,0.0,0.0,0.0
2002-03-21 16:00:00-05:00,5.58,5.96,5.5,5.9,782800,0.0,0.0,0.0,0.0,0.0
2002-03-22 16:00:00-05:00,5.97,5.97,5.75,5.75,397500,0.0,0.0,0.0,0.0,0.0
2002-03-25 16:00:00-05:00,5.71,5.83,5.67,5.83,174200,0.0,0.0,0.0,0.0,0.0
2002-03-26 16:00:00-05:00,5.85,5.85,5.68,5.79,558000,0.0,0.0,0.0,0.0,0.0
2002-03-27 16:00:00-05:00,5.78,6.12,5.78,6.01,552700,0.0,0.0,0.0,0.0,0.0
2002-03-28 16:00:00-05:00,6.04,6.45,5.95,6.35,826200,0.0,0.0,0.0,0.0,0.0
2002-04-01 16:00:00-05:00,6.41,7.07,6.35,6.82,1094800,0.0,0.0,0.0,0.0,0.0
2002-04-02 16:00:00-05:00,6.77,6.8,6.41,6.53,386400,0.0,0.0,0.0,0.0,0.0
2002-04-03 16:00:00-05:00,6.55,6.58,5.99,6.1,663000,0.0,0.0,0.0,0.0,0.0
2002-04-04 16:00:00-05:00,6.28,6.43,6.09,6.3,334600,0.0,0.0,0.0,0.0,0.0
2002-04-05 16:00:00-05:00,6.42,6.42,6.0,6.0,413200,0.0,0.0,0.0,0.0,0.0
2002-04-08 16:00:00-04:00,6.13,6.3,5.7,6.08,728000,0.0,0.0,0.0,0.0,0.0
2002-04-09 16:00:00-04:00,6.18,6.44,6.05,6.3,228600,0.0,0.0,0.0,0.0,0.0
2002-04-10 16:00:00-04:00,6.42,7.24,6.41,7.24,756000,0.0,0.0,0.0,0.0,0.0
2002-04-11 16:00:00-04:00,7.21,7.25,6.94,7.2,470600,0.0,0.0,0.0,0.0,0.0
2002-04-12 16:00:00-04:00,7.245,7.93,7.15,7.9,489800,0.0,0.0,0.0,0.0,0.0
2002-04-15 16:00:00-04:00,7.95,7.95,7.5,7.51,156100,0.0,0.0,0.0,0.0,0.0
2002-04-16 16:00:00-04:00,7.55,7.84,7.55,7.55,134400,0.0,0.0,0.0,0.0,0.0
2002-04-17 16:00:00-04:00,7.6,7.74,7.38,7.5,112500,0.0,0.0,0.0,0.0,0.0
2002-04-18 16:00:00-04:00,7.51,7.51,7.08,7.37,159200,0.0,0.0,0.0,0.0,0.0
2002-04-19 16:00:00-04:00,7.27,7.41,7.15,7.28,58900,0.0,0.0,0.0,0.0,0.0
2002-04-22 16:00:00-04:00,7.35,7.5,7.2,7.35,101900,0.0,0.0,0.0,0.0,0.0
2002-04-23 16:00:00-04:00,7.4,7.44,7.25,7.38,193300,0.0,0.0,0.0,0.0,0.0
2002-04-24 16:00:00-04:00,7.3,7.48,7.27,7.28,50800,0.0,0.0,0.0,0.0,0.0
2002-04-25 16:00:00-04:00,7.27,7.3,6.89,7.12,110400,0.0,0.0,0.0,0.0,0.0
2002-04-26 16:00:00-04:00,7.05,7.05,6.8,6.89,159600,0.0,0.0,0.0,0.0,0.0
2002-04-29 16:00:00-04:00,6.8,6.96,6.42,6.45,222400,0.0,0.0,0.0,0.0,0.0
2002-04-30 16:00:00-04:00,6.47,6.95,6.25,6.8,284400,0.0,0.0,0.0,0.0,0.0
2002-05-01 16:00:00-04:00,6.94,6.94,6.76,6.85,58400,0.0,0.0,0.0,0.0,0.0
2002-05-02 16:00:00-04:00,6.825,7.1,6.75,6.98,146000,0.0,0.0,0.0,0.0,0.0
2002-05-03 16:00:00-04:00,6.95,7.23,6.94,7.1,86700,0.0,0.0,0.0,0.0,0.0
2002-05-06 16:00:00-04:00,7.18,7.18,6.75,6.84,313800,0.0,0.0,0.0,0.0,0.0
2002-05-07 16:00:00-04:00,6.8,6.95,6.51,6.74,144900,0.0,0.0,0.0,0.0,0.0
2002-05-08 16:00:00-04:00,6.75,6.9,6.68,6.73,139400,0.0,0.0,0.0,0.0,0.0
2002-05-09 16:00:00-04:00,6.8,7.155,6.7,7.13,171000,0.0,0.0,0.0,0.0,0.0
2002-05-10 16:00:00-04:00,7.14,7.23,6.9,6.95,86600,0.0,0.0,0.0,0.0,0.0
2002-05-13 16:00:00-04:00,6.87,6.88,6.64,6.67,81100,0.0,0.0,0.0,0.0,0.0
2002-05-14 16:00:00-04:00,6.67,6.94,6.63,6.93,136700,0.0,0.0,0.0,0.0,0.0
2002-05-15 16:00:00-04:00,6.94,7.15,6.71,7.1,225200,0.0,0.0,0.0,0.0,0.0
2002-05-16 16:00:00-04:00,7.15,7.85,7.15,7.8,722700,0.0,0.0,0.0,0.0,0.0
2002-05-17 16:00:00-04:00,7.96,8.5,7.95,8.3,1046500,0.0,0.0,0.0,0.0,0.0
2002-05-20 16:00:00-04:00,8.3,8.3,7.87,8.13,269700,0.0,0.0,0.0,0.0,0.0
2002-05-21 16:00:00-04:00,8.15,8.15,7.71,7.75,224800,0.0,0.0,0.0,0.0,0.0
2002-05-22 16:00:00-04:00,7.72,7.75,7.25,7.55,241700,0.0,0.0,0.0,0.0,0.0
2002-05-23 16:00:00-04:00,7.58,7.65,7.451,7.6,52100,0.0,0.0,0.0,0.0,0.0
2002-05-24 16:00:00-04:00,7.65,7.7,7.5,7.57,130600,0.0,0.0,0.0,0.0,0.0
2002-05-28 16:00:00-04:00,7.51,7.59,7.36,7.5,71100,0.0,0.0,0.0,0.0,0.0
2002-05-29 16:00:00-04:00,7.58,7.85,7.5,7.84,245800,0.0,0.0,0.0,0.0,0.0
2002-05-30 16:00:00-04:00,7.82,8.3,7.71,8.229,332200,0.0,0.0,0.0,0.0,0.0
2002-05-31 16:00:00-04:00,8.45,8.46,7.9,8.2,221500,0.0,0.0,0.0,0.0,0.0
2002-06-03 16:00:00-04:00,8.09,8.2,7.86,7.9,159700,0.0,0.0,0.0,0.0,0.0
2002-06-04 16:00:00-04:00,7.99,7.99,7.4,7.7,389500,0.0,0.0,0.0,0.0,0.0
2002-06-05 16:00:00-04:00,7.71,8.14,7.65,8.14,114600,0.0,0.0,0.0,0.0,0.0
2002-06-06 16:00:00-04:00,8.125,8.14,7.75,7.82,281700,0.0,0.0,0.0,0.0,0.0
2002-06-07 16:00:00-04:00,7.75,7.8,7.2,7.45,1098600,0.0,0.0,0.0,0.0,0.0
2002-06-10 16:00:00-04:00,7.415,7.821,7.25,7.78,172300,0.0,0.0,0.0,0.0,0.0
2002-06-11 16:00:00-04:00,7.83,8.0,7.75,7.76,223300,0.0,0.0,0.0,0.0,0.0
2002-06-12 16:00:00-04:00,7.82,7.82,7.5,7.749,83000,0.0,0.0,0.0,0.0,0.0
2002-06-13 16:00:00-04:00,7.73,7.92,7.6,7.81,68700,0.0,0.0,0.0,0.0,0.0
2002-06-14 16:00:00-04:00,7.8,7.97,7.62,7.9,68900,0.0,0.0,0.0,0.0,0.0
2002-06-17 16:00:00-04:00,7.79,8.73,7.79,8.28,369000,0.0,0.0,0.0,0.0,0.0
2002-06-18 16:00:00-04:00,8.38,8.53,8.3,8.49,171900,0.0,0.0,0.0,0.0,0.0
2002-06-19 16:00:00-04:00,8.5,9.23,8.39,9.2,404700,0.0,0.0,0.0,0.0,0.0
2002-06-20 16:00:00-04:00,9.12,9.12,8.53,8.59,315900,0.0,0.0,0.0,0.0,0.0
2002-06-21 16:00:00-04:00,8.6,8.71,8.5,8.51,87100,0.0,0.0,0.0,0.0,0.0
2002-06-24 16:00:00-04:00,8.55,8.93,8.52,8.93,188900,0.0,0.0,0.0,0.0,0.0
2002-06-25 16:00:00-04:00,8.92,9.15,8.91,9.05,263400,0.0,0.0,0.0,0.0,0.0
2002-06-26 16:00:00-04:00,8.9,9.0,8.7,8.85,190700,0.0,0.0,0.0,0.0,0.0
2002-06-27 16:00:00-04:00,8.86,9.2,8.86,9.2,205800,0.0,0.0,0.0,0.0,0.0
2002-06-28 16:00:00-04:00,9.17,10.0,9.17,9.98,824800,0.0,0.0,0.0,0.0,0.0
2002-07-01 16:00:00-04:00,9.79,9.86,9.5,9.71,389900,0.0,0.0,0.0,0.0,0.0
2002-07-02 16:00:00-04:00,9.7,10.24,9.6,10.2,305700,0.0,0.0,0.0,0.0,0.0
2002-07-03 16:00:00-04:00,10.24,10.24,9.84,10.1,502700,0.0,0.0,0.0,0.0,0.0
2002-07-05 16:00:00-04:00,10.2,10.25,10.01,10.16,79100,0.0,0.0,0.0,0.0,0.0
2002-07-08 16:00:00-04:00,10.25,10.45,9.88,9.949,250700,0.0,0.0,0.0,0.0,0.0
2002-07-09 16:00:00-04:00,10.01,10.01,9.25,9.35,247100,0.0,0.0,0.0,0.0,0.0
2002-07-10 16:00:00-04:00,9.35,9.479,9.04,9.04,211000,0.0,0.0,0.0,0.0,0.0
2002-07-11 16:00:00-04:00,9.13,9.13,8.33,8.52,391900,0.0,0.0,0.0,0.0,0.0
2002-07-12 16:00:00-04:00,8.6,8.69,8.37,8.48,162400,0.0,0.0,0.0,0.0,0.0
2002-07-15 16:00:00-04:00,8.6,8.95,8.52,8.7,192500,0.0,0.0,0.0,0.0,0.0
2002-07-16 16:00:00-04:00,8.7,9.15,8.6,9.07,190400,0.0,0.0,0.0,0.0,0.0
2002-07-17 16:00:00-04:00,9.15,9.19,8.59,8.75,124700,0.0,0.0,0.0,0.0,0.0
2002-07-18 16:00:00-04:00,8.71,8.88,8.51,8.51,96900,0.0,0.0,0.0,0.0,0.0
2002-07-19 16:00:00-04:00,8.52,8.553,7.6,8.07,384400,0.0,0.0,0.0,0.0,0.0
2002-07-22 16:00:00-04:00,7.99,8.0,7.3,7.551,187900,0.0,0.0,0.0,0.0,0.0
2002-07-23 16:00:00-04:00,7.7,7.8,7.311,7.75,155200,0.0,0.0,0.0,0.0,0.0
2002-07-24 16:00:00-04:00,7.41,7.68,7.4,7.6,144100,0.0,0.0,0.0,0.0,0.0
2002-07-25 16:00:00-04:00,7.52,8.1,7.52,7.98,149300,0.0,0.0,0.0,0.0,0.0
2002-07-26 16:00:00-04:00,7.85,8.05,7.73,7.75,67900,0.0,0.0,0.0,0.0,0.0
2002-07-29 16:00:00-04:00,8.1,8.45,7.75,8.26,215000,0.0,0.0,0.0,0.0,0.0
2002-07-30 16:00:00-04:00,8.5,8.51,8.26,8.27,101500,0.0,0.0,0.0,0.0,0.0
2002-07-31 16:00:00-04:00,8.47,8.55,7.6,7.6,136900,0.0,0.0,0.0,0.0,0.0
2002-08-01 16:00:00-04:00,7.76,7.85,7.3,7.31,155500,0.0,0.0,0.0,0.0,0.0
2002-08-02 16:00:00-04:00,7.3,7.39,6.56,6.8,403400,0.0,0.0,0.0,0.0,0.0
2002-08-05 16:00:00-04:00,6.69,7.0,6.55,6.71,163300,0.0,0.0,0.0,0.0,0.0
2002-08-06 16:00:00-04:00,6.85,7.25,6.85,7.1,134800,0.0,0.0,0.0,0.0,0.0
2002-08-07 16:00:00-04:00,7.09,7.2,6.931,7.15,214900,0.0,0.0,0.0,0.0,0.0
2002-08-08 16:00:00-04:00,7.15,7.35,6.86,6.94,186400,0.0,0.0,0.0,0.0,0.0
2002-08-09 16:00:00-04:00,7.02,7.07,6.67,7.05,72500,0.0,0.0,0.0,0.0,0.0
2002-08-12 16:00:00-04:00,7.04,7.05,6.72,6.88,36300,0.0,0.0,0.0,0.0,0.0
2002-08-13 16:00:00-04:00,6.97,6.97,6.76,6.85,74000,0.0,0.0,0.0,0.0,0.0
2002-08-14 16:00:00-04:00,6.79,7.15,6.65,7.01,106100,0.0,0.0,0.0,0.0,0.0
2002-08-15 16:00:00-04:00,7.02,7.02,6.75,6.89,40200,0.0,0.0,0.0,0.0,0.0
2002-08-16 16:00:00-04:00,6.895,7.1,6.77,6.92,49200,0.0,0.0,0.0,0.0,0.0
2002-08-19 16:00:00-04:00,7.09,8.0,7.09,7.75,91200,0.0,0.0,0.0,0.0,0.0
2002-08-20 16:00:00-04:00,7.79,7.8,7.521,7.56,34700,0.0,0.0,0.0,0.0,0.0
2002-08-21 16:00:00-04:00,7.73,7.82,7.5,7.5,42200,0.0,0.0,0.0,0.0,0.0
2002-08-22 16:00:00-04:00,7.5,7.65,7.04,7.42,100200,0.0,0.0,0.0,0.0,0.0
2002-08-23 16:00:00-04:00,7.37,7.45,7.2,7.448,37100,0.0,0.0,0.0,0.0,0.0
2002-08-26 16:00:00-04:00,7.48,7.7,7.25,7.7,33400,0.0,0.0,0.0,0.0,0.0
2002-08-27 16:00:00-04:00,7.69,7.69,7.14,7.21,64600,0.0,0.0,0.0,0.0,0.0
2002-08-28 16:00:00-04:00,7.2,7.49,7.2,7.33,16600,0.0,0.0,0.0,0.0,0.0
2002-08-29 16:00:00-04:00,7.4,7.85,7.36,7.71,39600,0.0,0.0,0.0,0.0,0.0
2002-08-30 16:00:00-04:00,7.85,7.86,7.16,7.26,87900,0.0,0.0,0.0,0.0,0.0
2002-09-03 16:00:00-04:00,7.25,7.55,7.06,7.42,161800,0.0,0.0,0.0,0.0,0.0
2002-09-04 16:00:00-04:00,7.43,7.48,7.21,7.48,38400,0.0,0.0,0.0,0.0,0.0
2002-09-05 16:00:00-04:00,7.52,7.52,7.35,7.38,52100,0.0,0.0,0.0,0.0,0.0
2002-09-06 16:00:00-04:00,7.401,7.5,7.4,7.44,32300,0.0,0.0,0.0,0.0,0.0
2002-09-09 16:00:00-04:00,7.15,7.35,7.01,7.09,78400,0.0,0.0,0.0,0.0,0.0
2002-09-10 16:00:00-04:00,7.01,7.32,7.0,7.14,57800,0.0,0.0,0.0,0.0,0.0
2002-09-11 16:00:00-04:00,7.04,7.48,7.04,7.2,20000,0.0,0.0,0.0,0.0,0.0
2002-09-12 16:00:00-04:00,7.25,7.25,6.9,7.06,32100,0.0,0.0,0.0,0.0,0.0
2002-09-13 16:00:00-04:00,7.12,7.75,7.12,7.51,95700,0.0,0.0,0.0,0.0,0.0
2002-09-16 16:00:00-04:00,7.64,7.79,7.5,7.54,204800,0.0,0.0,0.0,0.0,0.0
2002-09-17 16:00:00-04:00,7.67,7.8,7.54,7.54,147600,0.0,0.0,0.0,0.0,0.0
2002-09-18 16:00:00-04:00,7.54,7.54,7.24,7.3,56400,0.0,0.0,0.0,0.0,0.0
2002-09-19 16:00:00-04:00,7.35,7.4,7.2,7.3,46800,0.0,0.0,0.0,0.0,0.0
2002-09-20 16:00:00-04:00,7.05,7.6,7.05,7.12,78800,0.0,0.0,0.0,0.0,0.0
2002-09-23 16:00:00-04:00,7.13,7.29,7.05,7.05,49600,0.0,0.0,0.0,0.0,0.0
2002-09-24 16:00:00-04:00,7.15,7.15,7.0,7.059,50300,0.0,0.0,0.0,0.0,0.0
2002-09-25 16:00:00-04:00,7.06,7.06,6.83,6.89,54700,0.0,0.0,0.0,0.0,0.0
2002-09-26 16:00:00-04:00,6.94,7.03,6.86,6.92,22200,0.0,0.0,0.0,0.0,0.0
2002-09-27 16:00:00-04:00,6.95,7.05,6.9,6.95,81400,0.0,0.0,0.0,0.0,0.0
2002-09-30 16:00:00-04:00,7.0,7.1,6.7,6.89,84100,0.0,0.0,0.0,0.0,0.0
2002-10-01 16:00:00-04:00,6.89,7.358,6.75,7.22,169500,0.0,0.0,0.0,0.0,0.0
2002-10-02 16:00:00-04:00,7.3,7.61,7.21,7.39,267300,0.0,0.0,0.0,0.0,0.0
2002-10-03 16:00:00-04:00,7.47,7.7,7.24,7.59,137000,0.0,0.0,0.0,0.0,0.0
2002-10-04 16:00:00-04:00,7.5,7.87,7.5,7.85,162000,0.0,0.0,0.0,0.0,0.0
2002-10-07 16:00:00-04:00,7.75,7.88,7.57,7.7,265900,0.0,0.0,0.0,0.0,0.0
2002-10-08 16:00:00-04:00,7.75,7.85,7.51,7.56,135200,0.0,0.0,0.0,0.0,0.0
2002-10-09 16:00:00-04:00,7.51,7.66,7.5,7.6,135000,0.0,0.0,0.0,0.0,0.0
2002-10-10 16:00:00-04:00,7.59,7.6,7.11,7.25,211900,0.0,0.0,0.0,0.0,0.0
2002-10-11 16:00:00-04:00,7.2,7.39,7.06,7.25,230200,0.0,0.0,0.0,0.0,0.0
2002-10-14 16:00:00-04:00,7.21,7.25,7.17,7.2,19800,0.0,0.0,0.0,0.0,0.0
2002-10-15 16:00:00-04:00,7.2,7.7,7.2,7.689,131800,0.0,0.0,0.0,0.0,0.0
2002-10-16 16:00:00-04:00,7.62,7.63,7.35,7.52,99900,0.0,0.0,0.0,0.0,0.0
2002-10-17 16:00:00-04:00,7.7,7.89,7.4,7.6,132600,0.0,0.0,0.0,0.0,0.0
2002-10-18 16:00:00-04:00,7.6,8.05,7.6,7.91,120600,0.0,0.0,0.0,0.0,0.0
2002-10-21 16:00:00-04:00,8.01,8.5,7.9,8.48,166100,0.0,0.0,0.0,0.0,0.0
2002-10-22 16:00:00-04:00,8.5,8.74,8.25,8.29,79500,0.0,0.0,0.0,0.0,0.0
2002-10-23 16:00:00-04:00,8.2,8.28,7.95,8.1,40600,0.0,0.0,0.0,0.0,0.0
2002-10-24 16:00:00-04:00,8.25,8.25,7.65,7.78,35900,0.0,0.0,0.0,0.0,0.0
2002-10-25 16:00:00-04:00,7.8,8.19,7.7,7.8,39500,0.0,0.0,0.0,0.0,0.0
2002-10-28 16:00:00-05:00,7.76,8.15,7.55,7.56,77900,0.0,0.0,0.0,0.0,0.0
2002-10-29 16:00:00-05:00,7.6,8.11,7.59,8.0,113500,0.0,0.0,0.0,0.0,0.0
2002-10-30 16:00:00-05:00,8.11,8.55,7.9,8.35,163500,0.0,0.0,0.0,0.0,0.0
2002-10-31 16:00:00-05:00,8.58,8.69,8.1,8.33,90000,0.0,0.0,0.0,0.0,0.0
2002-11-01 16:00:00-05:00,8.5,8.5,7.87,8.2,71100,0.0,0.0,0.0,0.0,0.0
2002-11-04 16:00:00-05:00,8.15,8.171,7.8,7.94,90900,0.0,0.0,0.0,0.0,0.0
2002-11-05 16:00:00-05:00,8.05,8.25,7.72,7.951,32800,0.0,0.0,0.0,0.0,0.0
2002-11-06 16:00:00-05:00,7.9,8.0,7.5,7.64,91000,0.0,0.0,0.0,0.0,0.0
2002-11-07 16:00:00-05:00,7.63,7.75,7.12,7.13,241000,0.0,0.0,0.0,0.0,0.0
2002-11-08 16:00:00-05:00,7.15,7.3,6.9,7.1,247200,0.0,0.0,0.0,0.0,0.0
2002-11-11 16:00:00-05:00,7.18,7.3,7.1,7.11,178800,0.0,0.0,0.0,0.0,0.0
2002-11-12 16:00:00-05:00,7.1,7.7,7.0,7.47,240400,0.0,0.0,0.0,0.0,0.0
2002-11-13 16:00:00-05:00,7.5,7.5,6.85,6.851,419200,0.0,0.0,0.0,0.0,0.0
2002-11-14 16:00:00-05:00,7.0,7.08,6.84,6.95,283600,0.0,0.0,0.0,0.0,0.0
2002-11-15 16:00:00-05:00,7.1,7.1,6.93,6.96,243400,0.0,0.0,0.0,0.0,0.0
2002-11-18 16:00:00-05:00,6.98,7.07,6.96,7.07,102700,0.0,0.0,0.0,0.0,0.0
2002-11-19 16:00:00-05:00,7.07,7.2,6.96,7.01,198900,0.0,0.0,0.0,0.0,0.0
2002-11-20 16:00:00-05:00,7.0,7.05,6.97,6.997,63200,0.0,0.0,0.0,0.0,0.0
2002-11-21 16:00:00-05:00,6.91,7.03,6.91,6.99,132400,0.0,0.0,0.0,0.0,0.0
2002-11-22 16:00:00-05:00,6.97,7.15,6.95,7.08,80900,0.0,0.0,0.0,0.0,0.0
2002-11-25 16:00:00-05:00,7.1,7.65,7.1,7.15,86200,0.0,0.0,0.0,0.0,0.0
2002-11-26 16:00:00-05:00,7.16,7.24,7.08,7.2,43400,0.0,0.0,0.0,0.0,0.0
2002-11-27 16:00:00-05:00,7.2,7.5,7.15,7.5,121300,0.0,0.0,0.0,0.0,0.0
2002-11-29 16:00:00-05:00,7.5,7.52,7.41,7.5,86600,0.0,0.0,0.0,0.0,0.0
2002-12-02 16:00:00-05:00,7.5,7.85,7.45,7.82,319600,0.0,0.0,0.0,0.0,0.0
2002-12-03 16:00:00-05:00,7.85,7.85,7.25,7.32,219000,0.0,0.0,0.0,0.0,0.0
2002-12-04 16:00:00-05:00,7.22,7.3,7.15,7.3,84400,0.0,0.0,0.0,0.0,0.0
2002-12-05 16:00:00-05:00,7.26,7.26,6.96,6.98,117700,0.0,0.0,0.0,0.0,0.0
2002-12-06 16:00:00-05:00,6.97,7.03,6.9,7.0,72100,0.0,0.0,0.0,0.0,0.0
2002-12-09 16:00:00-05:00,7.01,7.03,6.1,6.56,195700,0.0,0.0,0.0,0.0,0.0
2002-12-10 16:00:00-05:00,6.4,6.8,6.14,6.65,155800,0.0,0.0,0.0,0.0,0.0
2002-12-11 16:00:00-05:00,6.73,6.95,6.51,6.82,55500,0.0,0.0,0.0,0.0,0.0
2002-12-12 16:00:00-05:00,6.84,7.0,6.75,6.85,118100,0.0,0.0,0.0,0.0,0.0
2002-12-13 16:00:00-05:00,6.85,7.02,6.57,6.92,92500,0.0,0.0,0.0,0.0,0.0
2002-12-16 16:00:00-05:00,7.0,7.03,6.58,7.0,196400,0.0,0.0,0.0,0.0,0.0
2002-12-17 16:00:00-05:00,7.05,7.05,6.9,6.9,397800,0.0,0.0,0.0,0.0,0.0
2002-12-18 16:00:00-05:00,6.98,8.2,6.9,6.99,127900,0.0,0.0,0.0,0.0,0.0
2002-12-19 16:00:00-05:00,6.989,7.189,6.92,7.0,72300,0.0,0.0,0.0,0.0,0.0
2002-12-20 16:00:00-05:00,7.25,7.5,7.0,7.01,35400,0.0,0.0,0.0,0.0,0.0
2002-12-23 16:00:00-05:00,7.0,7.09,6.95,7.03,12700,0.0,0.0,0.0,0.0,0.0
2002-12-24 16:00:00-05:00,7.0,7.091,6.98,7.02,4600,0.0,0.0,0.0,0.0,0.0
2002-12-26 16:00:00-05:00,7.01,7.01,6.9,6.98,32200,0.0,0.0,0.0,0.0,0.0
2002-12-27 16:00:00-05:00,6.9,6.97,6.56,6.68,55500,0.0,0.0,0.0,0.0,0.0
2002-12-30 16:00:00-05:00,6.9,6.9,6.61,6.77,29300,0.0,0.0,0.0,0.0,0.0
2002-12-31 16:00:00-05:00,6.73,7.02,6.55,6.9,74600,0.0,0.0,0.0,0.0,0.0
2003-01-02 16:00:00-05:00,7.01,7.05,6.6,6.81,98217,0.0,0.0,0.0,0.0,0.0
2003-01-03 16:00:00-05:00,6.85,7.05,6.6,6.81,85467,0.0,0.0,0.0,0.0,0.0
2003-01-06 16:00:00-05:00,6.8,6.89,6.6,6.78,225440,0.0,0.0,0.0,0.0,0.0
2003-01-07 16:00:00-05:00,6.85,6.86,6.51,6.85,58600,0.0,0.0,0.0,0.0,0.0
2003-01-08 16:00:00-05:00,6.85,6.869,6.6,6.85,48564,0.0,0.0,0.0,0.0,0.0
2003-01-09 16:00:00-05:00,6.81,6.99,6.75,6.93,281457,0.0,0.0,0.0,0.0,0.0
2003-01-10 16:00:00-05:00,6.92,6.96,6.75,6.8,298720,0.0,0.0,0.0,0.0,0.0
2003-01-13 16:00:00-05:00,7.031,7.05,6.8,7.05,208900,0.0,0.0,0.0,0.0,0.0
2003-01-14 16:00:00-05:00,6.9,7.04,6.86,6.95,154556,0.0,0.0,0.0,0.0,0.0
2003-01-15 16:00:00-05:00,6.91,7.05,6.9,7.01,286700,0.0,0.0,0.0,0.0,0.0
2003-01-16 16:00:00-05:00,6.91,7.05,6.6,7.02,51550,0.0,0.0,0.0,0.0,0.0
2003-01-17 16:00:00-05:00,7.02,7.2,6.9,7.06,40603,0.0,0.0,0.0,0.0,0.0
2003-01-21 16:00:00-05:00,7.1,7.19,6.97,7.09,30600,0.0,0.0,0.0,0.0,0.0
2003-01-22 16:00:00-05:00,7.0,7.12,7.0,7.01,469400,0.0,0.0,0.0,0.0,0.0
2003-01-23 16:00:00-05:00,6.61,7.0,6.4,6.61,92100,0.0,0.0,0.0,0.0,0.0
2003-01-24 16:00:00-05:00,6.85,7.03,6.61,6.85,75073,0.0,0.0,0.0,0.0,0.0
2003-01-27 16:00:00-05:00,6.8,7.05,6.68,6.73,120987,0.0,0.0,0.0,0.0,0.0
2003-01-28 16:00:00-05:00,6.7,6.8,6.55,6.71,91500,0.0,0.0,0.0,0.0,0.0
2003-01-29 16:00:00-05:00,7.01,7.04,6.7,7.0,90300,0.0,0.0,0.0,0.0,0.0
2003-01-30 16:00:00-05:00,7.0,7.06,6.86,7.02,23300,0.0,0.0,0.0,0.0,0.0
2003-01-31 16:00:00-05:00,6.81,7.0,6.82,6.82,31900,0.0,0.0,0.0,0.0,0.0
2003-02-03 16:00:00-05:00,6.8,6.98,6.8,6.8,16438,0.0,0.0,0.0,0.0,0.0
2003-02-04 16:00:00-05:00,6.86,6.95,6.72,6.901,41300,0.0,0.0,0.0,0.0,0.0
2003-02-05 16:00:00-05:00,6.85,6.96,6.76,6.9,109800,0.0,0.0,0.0,0.0,0.0
2003-02-06 16:00:00-05:00,6.82,7.03,6.82,6.86,31100,0.0,0.0,0.0,0.0,0.0
2003-02-07 16:00:00-05:00,6.8,6.89,6.8,6.8,35770,0.0,0.0,0.0,0.0,0.0
2003-02-10 16:00:00-05:00,6.7,6.95,6.75,6.8,97300,0.0,0.0,0.0,0.0,0.0
2003-02-11 16:00:00-05:00,6.42,6.75,6.4,6.5,30290,0.0,0.0,0.0,0.0,0.0
2003-02-12 16:00:00-05:00,6.4,6.5,6.4,6.4,223824,0.0,0.0,0.0,0.0,0.0
2003-02-13 16:00:00-05:00,6.01,6.47,5.95,6.0,69400,0.0,0.0,0.0,0.0,0.0
2003-02-14 16:00:00-05:00,6.06,6.13,6.01,6.08,24150,0.0,0.0,0.0,0.0,0.0
2003-02-18 16:00:00-05:00,6.4,6.5,6.06,6.37,107900,0.0,0.0,0.0,0.0,0.0
2003-02-19 16:00:00-05:00,6.41,6.55,6.15,6.51,24400,0.0,0.0,0.0,0.0,0.0
2003-02-20 16:00:00-05:00,6.5,6.51,6.2,6.311,28983,0.0,0.0,0.0,0.0,0.0
2003-02-21 16:00:00-05:00,6.39,6.5,6.3,6.37,14900,0.0,0.0,0.0,0.0,0.0
2003-02-24 16:00:00-05:00,6.15,6.43,6.1,6.2,37100,0.0,0.0,0.0,0.0,0.0
2003-02-25 16:00:00-05:00,6.3,6.26,6.05,6.05,18400,0.0,0.0,0.0,0.0,0.0
2003-02-26 16:00:00-05:00,6.03,6.3,6.03,6.09,76600,0.0,0.0,0.0,0.0,0.0
2003-02-27 16:00:00-05:00,6.03,6.28,5.82,5.83,26133,0.0,0.0,0.0,0.0,0.0
2003-02-28 16:00:00-05:00,5.97,6.1,6.0,6.0,64610,0.0,0.0,0.0,0.0,0.0
2003-03-03 16:00:00-05:00,5.99,6.01,5.8,5.81,49600,0.0,0.0,0.0,0.0,0.0
2003-03-04 16:00:00-05:00,5.61,5.99,5.64,5.64,80100,0.0,0.0,0.0,0.0,0.0
2003-03-05 16:00:00-05:00,5.44,5.7,5.43,5.53,43200,0.0,0.0,0.0,0.0,0.0
2003-03-06 16:00:00-05:00,5.79,5.851,5.3,5.84,54400,0.0,0.0,0.0,0.0,0.0
2003-03-07 16:00:00-05:00,5.9,6.05,5.59,5.9,91500,0.0,0.0,0.0,0.0,0.0
2003-03-10 16:00:00-05:00,5.5,5.93,5.52,5.55,86072,0.0,0.0,0.0,0.0,0.0
2003-03-11 16:00:00-05:00,5.65,5.74,5.32,5.581,18200,0.0,0.0,0.0,0.0,0.0
2003-03-12 16:00:00-05:00,5.59,5.76,5.5,5.76,163000,0.0,0.0,0.0,0.0,0.0
2003-03-13 16:00:00-05:00,5.75,5.72,5.59,5.66,218900,0.0,0.0,0.0,0.0,0.0
2003-03-14 16:00:00-05:00,5.9,5.9,5.74,5.89,114200,0.0,0.0,0.0,0.0,0.0
2003-03-17 16:00:00-05:00,6.41,6.45,5.8,6.39,115621,0.0,0.0,0.0,0.0,0.0
2003-03-18 16:00:00-05:00,6.81,6.97,6.0,6.89,131943,0.0,0.0,0.0,0.0,0.0
2003-03-19 16:00:00-05:00,6.9,7.08,6.75,6.96,78200,0.0,0.0,0.0,0.0,0.0
2003-03-20 16:00:00-05:00,6.75,6.99,6.71,6.82,130300,0.0,0.0,0.0,0.0,0.0
2003-03-21 16:00:00-05:00,6.95,7.0,6.7,6.95,237900,0.0,0.0,0.0,0.0,0.0
2003-03-24 16:00:00-05:00,6.85,7.0,6.83,6.97,475239,0.0,0.0,0.0,0.0,0.0
2003-03-25 16:00:00-05:00,6.95,7.2,6.82,6.95,44328,0.0,0.0,0.0,0.0,0.0
2003-03-26 16:00:00-05:00,7.02,7.2,6.95,7.06,182927,0.0,0.0,0.0,0.0,0.0
2003-03-27 16:00:00-05:00,6.97,7.12,6.96,6.96,41620,0.0,0.0,0.0,0.0,0.0
2003-03-28 16:00:00-05:00,7.2,7.27,6.9,7.219,43300,0.0,0.0,0.0,0.0,0.0
2003-03-31 16:00:00-05:00,6.94,7.2,7.0,7.0,123606,0.0,0.0,0.0,0.0,0.0
2003-04-01 16:00:00-05:00,7.08,7.4,6.93,7.02,54459,0.0,0.0,0.0,0.0,0.0
2003-04-02 16:00:00-05:00,7.15,7.15,7.0,7.11,44881,0.0,0.0,0.0,0.0,0.0
2003-04-03 16:00:00-05:00,7.15,7.21,7.1,7.119,47300,0.0,0.0,0.0,0.0,0.0
2003-04-04 16:00:00-05:00,7.18,7.22,7.1,7.18,17100,0.0,0.0,0.0,0.0,0.0
2003-04-07 16:00:00-04:00,7.25,7.22,7.1,7.2,123756,0.0,0.0,0.0,0.0,0.0
2003-04-08 16:00:00-04:00,7.36,7.4,7.2,7.31,15300,0.0,0.0,0.0,0.0,0.0
2003-04-09 16:00:00-04:00,7.45,7.39,7.31,7.39,98600,0.0,0.0,0.0,0.0,0.0
2003-04-10 16:00:00-04:00,7.55,7.69,7.35,7.65,230330,0.0,0.0,0.0,0.0,0.0
2003-04-11 16:00:00-04:00,8.15,8.19,7.5,8.11,64783,0.0,0.0,0.0,0.0,0.0
2003-04-14 16:00:00-04:00,8.03,8.15,7.52,8.01,56000,0.0,0.0,0.0,0.0,0.0
2003-04-15 16:00:00-04:00,8.04,8.2,7.95,8.17,136100,0.0,0.0,0.0,0.0,0.0
2003-04-16 16:00:00-04:00,8.47,8.65,8.02,8.5,74300,0.0,0.0,0.0,0.0,0.0
2003-04-17 16:00:00-04:00,8.29,8.52,8.33,8.41,54500,0.0,0.0,0.0,0.0,0.0
2003-04-21 16:00:00-04:00,8.23,8.42,8.1,8.38,24600,0.0,0.0,0.0,0.0,0.0
2003-04-22 16:00:00-04:00,8.24,8.4,8.19,8.19,49700,0.0,0.0,0.0,0.0,0.0
2003-04-23 16:00:00-04:00,8.22,8.24,8.01,8.1,60700,0.0,0.0,0.0,0.0,0.0
2003-04-24 16:00:00-04:00,8.01,8.39,8.05,8.05,68700,0.0,0.0,0.0,0.0,0.0
2003-04-25 16:00:00-04:00,8.08,8.2,8.01,8.1,47109,0.0,0.0,0.0,0.0,0.0
2003-04-28 16:00:00-04:00,8.0,8.24,7.95,8.1,60212,0.0,0.0,0.0,0.0,0.0
2003-04-29 16:00:00-04:00,8.25,8.23,7.95,8.22,53060,0.0,0.0,0.0,0.0,0.0
2003-04-30 16:00:00-04:00,8.3,8.5,8.05,8.37,98240,0.0,0.0,0.0,0.0,0.0
2003-05-01 16:00:00-04:00,8.4,8.85,8.3,8.57,63380,0.0,0.0,0.0,0.0,0.0
2003-05-02 16:00:00-04:00,8.53,8.66,8.25,8.56,74800,0.0,0.0,0.0,0.0,0.0
2003-05-05 16:00:00-04:00,8.65,8.8,8.53,8.55,61284,0.0,0.0,0.0,0.0,0.0
2003-05-06 16:00:00-04:00,8.56,8.77,8.56,8.62,85735,0.0,0.0,0.0,0.0,0.0
2003-05-07 16:00:00-04:00,8.65,8.84,8.56,8.72,113915,0.0,0.0,0.0,0.0,0.0
2003-05-08 16:00:00-04:00,8.52,8.8,8.3,8.51,83057,0.0,0.0,0.0,0.0,0.0
2003-05-09 16:00:00-04:00,8.2,8.52,7.9,8.25,61423,0.0,0.0,0.0,0.0,0.0
2003-05-12 16:00:00-04:00,8.26,8.5,8.2,8.41,58300,0.0,0.0,0.0,0.0,0.0
2003-05-13 16:00:00-04:00,8.48,8.65,8.3,8.31,37550,0.0,0.0,0.0,0.0,0.0
2003-05-14 16:00:00-04:00,8.25,8.49,8.15,8.15,69970,0.0,0.0,0.0,0.0,0.0
2003-05-15 16:00:00-04:00,7.9,8.25,8.0,8.05,281037,0.0,0.0,0.0,0.0,0.0
2003-05-16 16:00:00-04:00,7.76,8.05,7.73,7.85,183119,0.0,0.0,0.0,0.0,0.0
2003-05-19 16:00:00-04:00,8.2,8.23,7.75,8.0,53524,0.0,0.0,0.0,0.0,0.0
2003-05-20 16:00:00-04:00,8.3,8.25,8.0,8.24,167008,0.0,0.0,0.0,0.0,0.0
2003-05-21 16:00:00-04:00,8.42,8.65,8.19,8.5,33673,0.0,0.0,0.0,0.0,0.0
2003-05-22 16:00:00-04:00,8.37,8.42,8.25,8.35,25500,0.0,0.0,0.0,0.0,0.0
2003-05-23 16:00:00-04:00,8.42,8.5,8.35,8.48,128500,0.0,0.0,0.0,0.0,0.0
2003-05-27 16:00:00-04:00,8.54,8.55,8.41,8.55,50500,0.0,0.0,0.0,0.0,0.0
2003-05-28 16:00:00-04:00,8.5,8.64,8.47,8.5,14425,0.0,0.0,0.0,0.0,0.0
2003-05-29 16:00:00-04:00,8.6,8.6,8.5,8.55,31350,0.0,0.0,0.0,0.0,0.0
2003-05-30 16:00:00-04:00,8.6,8.6,8.49,8.56,34630,0.0,0.0,0.0,0.0,0.0
2003-06-02 16:00:00-04:00,8.35,8.6,8.36,8.36,40850,0.0,0.0,0.0,0.0,0.0
2003-06-03 16:00:00-04:00,8.16,8.4,8.17,8.17,53900,0.0,0.0,0.0,0.0,0.0
2003-06-04 16:00:00-04:00,8.15,8.35,8.16,8.2,86800,0.0,0.0,0.0,0.0,0.0
2003-06-05 16:00:00-04:00,8.4,8.4,8.15,8.35,512547,0.0,0.0,0.0,0.0,0.0
2003-06-06 16:00:00-04:00,9.35,9.53,8.35,9.53,466300,0.0,0.0,0.0,0.0,0.0
2003-06-09 16:00:00-04:00,9.62,10.26,9.311,9.701,102458,0.0,0.0,0.0,0.0,0.0
2003-06-10 16:00:00-04:00,9.28,9.68,9.25,9.25,135199,0.0,0.0,0.0,0.0,0.0
2003-06-11 16:00:00-04:00,9.8,9.95,9.25,9.8,57627,0.0,0.0,0.0,0.0,0.0
2003-06-12 16:00:00-04:00,9.7,9.8,9.43,9.68,57490,0.0,0.0,0.0,0.0,0.0
2003-06-13 16:00:00-04:00,9.5,9.701,9.18,9.46,27500,0.0,0.0,0.0,0.0,0.0
2003-06-16 16:00:00-04:00,9.5,9.5,9.3,9.46,191286,0.0,0.0,0.0,0.0,0.0
2003-06-17 16:00:00-04:00,9.41,9.75,9.43,9.5,82200,0.0,0.0,0.0,0.0,0.0
2003-06-18 16:00:00-04:00,9.64,9.65,9.4,9.6,283549,0.0,0.0,0.0,0.0,0.0
2003-06-19 16:00:00-04:00,10.5,10.2,9.64,10.06,269066,0.0,0.0,0.0,0.0,0.0
2003-06-20 16:00:00-04:00,10.04,10.55,9.95,10.0,91500,0.0,0.0,0.0,0.0,0.0
2003-06-23 16:00:00-04:00,9.9,10.12,9.93,10.01,92439,0.0,0.0,0.0,0.0,0.0
2003-06-24 16:00:00-04:00,9.85,10.03,9.7,9.79,104972,0.0,0.0,0.0,0.0,0.0
2003-06-25 16:00:00-04:00,10.03,10.03,9.85,10.0,77451,0.0,0.0,0.0,0.0,0.0
2003-06-26 16:00:00-04:00,10.0,10.05,9.78,10.0441,102728,0.0,0.0,0.0,0.0,0.0
2003-06-27 16:00:00-04:00,9.93,10.28,9.9,10.1,189977,0.0,0.0,0.0,0.0,0.0
2003-06-30 16:00:00-04:00,10.01,10.17,9.9,10.03,230032,0.0,0.0,0.0,0.0,0.0
2003-07-01 16:00:00-04:00,10.01,10.28,9.985,10.0,130884,0.0,0.0,0.0,0.0,0.0
2003-07-02 16:00:00-04:00,9.89,10.25,9.95,10.24,254639,0.0,0.0,0.0,0.0,0.0
2003-07-03 16:00:00-04:00,10.6,10.55,9.88,10.52,196613,0.0,0.0,0.0,0.0,0.0
2003-07-07 16:00:00-04:00,11.09,11.1,10.43,11.1,298647,0.0,0.0,0.0,0.0,0.0
2003-07-08 16:00:00-04:00,11.8,11.79,11.0,11.66,187635,0.0,0.0,0.0,0.0,0.0
2003-07-09 16:00:00-04:00,12.14,12.4,11.52,12.16,243420,0.0,0.0,0.0,0.0,0.0
2003-07-10 16:00:00-04:00,12.05,12.39,11.77,12.2,138570,0.0,0.0,0.0,0.0,0.0
2003-07-11 16:00:00-04:00,11.35,12.05,11.2,11.261,168233,0.0,0.0,0.0,0.0,0.0
2003-07-14 16:00:00-04:00,11.62,11.7,10.76,11.35,91818,0.0,0.0,0.0,0.0,0.0
2003-07-15 16:00:00-04:00,10.95,11.62,10.89,10.94,196933,0.0,0.0,0.0,0.0,0.0
2003-07-16 16:00:00-04:00,11.05,11.1,10.75,11.02,211533,0.0,0.0,0.0,0.0,0.0
2003-07-17 16:00:00-04:00,10.895,11.1,10.85,10.97,194050,0.0,0.0,0.0,0.0,0.0
2003-07-18 16:00:00-04:00,10.989,11.149,10.86,10.95,86977,0.0,0.0,0.0,0.0,0.0
2003-07-21 16:00:00-04:00,11.15,11.2,10.9,11.1,66100,0.0,0.0,0.0,0.0,0.0
2003-07-22 16:00:00-04:00,11.28,11.56,11.0,11.12,107767,0.0,0.0,0.0,0.0,0.0
2003-07-23 16:00:00-04:00,11.31,11.35,11.1,11.22,62081,0.0,0.0,0.0,0.0,0.0
2003-07-24 16:00:00-04:00,11.65,11.46,11.07,11.46,102950,0.0,0.0,0.0,0.0,0.0
2003-07-25 16:00:00-04:00,11.05,11.7,11.15,11.28,82892,0.0,0.0,0.0,0.0,0.0
2003-07-28 16:00:00-04:00,11.8,11.8,11.05,11.69,160775,0.0,0.0,0.0,0.0,0.0
2003-07-29 16:00:00-04:00,11.2,11.95,11.2,11.2,75678,0.0,0.0,0.0,0.0,0.0
2003-07-30 16:00:00-04:00,11.2,11.3,10.82,11.15,71150,0.0,0.0,0.0,0.0,0.0
2003-07-31 16:00:00-04:00,11.25,11.2,10.82,11.0,145495,0.0,0.0,0.0,0.0,0.0
2003-08-01 16:00:00-04:00,11.0,11.25,10.9,11.01,98513,0.0,0.0,0.0,0.0,0.0
2003-08-04 16:00:00-04:00,10.54,11.0,10.34,10.8,66432,0.0,0.0,0.0,0.0,0.0
2003-08-05 16:00:00-04:00,10.7,10.71,10.3,10.65,47976,0.0,0.0,0.0,0.0,0.0
2003-08-06 16:00:00-04:00,10.27,10.8,10.2,10.73,73478,0.0,0.0,0.0,0.0,0.0
2003-08-07 16:00:00-04:00,10.78,11.0,10.25,10.78,48402,0.0,0.0,0.0,0.0,0.0
2003-08-08 16:00:00-04:00,11.21,11.0,10.42,11.0,108273,0.0,0.0,0.0,0.0,0.0
2003-08-11 16:00:00-04:00,11.1,11.21,10.82,11.0,61300,0.0,0.0,0.0,0.0,0.0
2003-08-12 16:00:00-04:00,11.2,11.16,10.97,11.1,322285,0.0,0.0,0.0,0.0,0.0
2003-08-13 16:00:00-04:00,11.25,11.45,11.1,11.4,113001,0.0,0.0,0.0,0.0,0.0
2003-08-14 16:00:00-04:00,11.061,11.4,11.1,11.11,80193,0.0,0.0,0.0,0.0,0.0
2003-08-15 16:00:00-04:00,11.1,11.09,10.801,11.05,4000,0.0,0.0,0.0,0.0,0.0
2003-08-18 16:00:00-04:00,11.1,11.12,11.04,11.08,29789,0.0,0.0,0.0,0.0,0.0
2003-08-19 16:00:00-04:00,11.47,11.45,10.92,11.29,27677,0.0,0.0,0.0,0.0,0.0
2003-08-20 16:00:00-04:00,11.29,11.47,11.27,11.451,68614,0.0,0.0,0.0,0.0,0.0
2003-08-21 16:00:00-04:00,11.45,11.5,11.2,11.5,60699,0.0,0.0,0.0,0.0,0.0
2003-08-22 16:00:00-04:00,11.85,11.8,11.45,11.8,91821,0.0,0.0,0.0,0.0,0.0
2003-08-25 16:00:00-04:00,12.05,12.3,11.7,12.0,102759,0.0,0.0,0.0,0.0,0.0
2003-08-26 16:00:00-04:00,12.18,12.5,11.9,12.2,56418,0.0,0.0,0.0,0.0,0.0
2003-08-27 16:00:00-04:00,12.3,12.32,11.81,12.29,42604,0.0,0.0,0.0,0.0,0.0
2003-08-28 16:00:00-04:00,12.1,12.38,12.0,12.12,81773,0.0,0.0,0.0,0.0,0.0
2003-08-29 16:00:00-04:00,12.075,12.35,12.0,12.11,19098,0.0,0.0,0.0,0.0,0.0
2003-09-02 16:00:00-04:00,12.1,12.15,11.96,12.0,61487,0.0,0.0,0.0,0.0,0.0
2003-09-03 16:00:00-04:00,12.49,12.59,12.0,12.59,119686,0.0,0.0,0.0,0.0,0.0
2003-09-04 16:00:00-04:00,12.35,12.75,12.08,12.49,48115,0.0,0.0,0.0,0.0,0.0
2003-09-05 16:00:00-04:00,12.18,12.5,12.0,12.19,30152,0.0,0.0,0.0,0.0,0.0
2003-09-08 16:00:00-04:00,12.35,12.44,12.1,12.35,36378,0.0,0.0,0.0,0.0,0.0
2003-09-09 16:00:00-04:00,12.32,12.49,12.04,12.3,41021,0.0,0.0,0.0,0.0,0.0
2003-09-10 16:00:00-04:00,12.37,12.4,12.21,12.27,91187,0.0,0.0,0.0,0.0,0.0
2003-09-11 16:00:00-04:00,12.42,12.654,12.12,12.35,38954,0.0,0.0,0.0,0.0,0.0
2003-09-12 16:00:00-04:00,12.35,12.55,12.25,12.5,31493,0.0,0.0,0.0,0.0,0.0
2003-09-15 16:00:00-04:00,12.68,12.76,12.3,12.63,137931,0.0,0.0,0.0,0.0,0.0
2003-09-16 16:00:00-04:00,12.8,13.34,12.26,12.79,79645,0.0,0.0,0.0,0.0,0.0
2003-09-17 16:00:00-04:00,12.6,13.0,12.3,12.64,68850,0.0,0.0,0.0,0.0,0.0
2003-09-18 16:00:00-04:00,12.5,12.6,12.13,12.51,30274,0.0,0.0,0.0,0.0,0.0
2003-09-19 16:00:00-04:00,12.51,12.86,12.3,12.52,24600,0.0,0.0,0.0,0.0,0.0
2003-09-22 16:00:00-04:00,12.5,12.75,12.3,12.66,40997,0.0,0.0,0.0,0.0,0.0
2003-09-23 16:00:00-04:00,12.322,12.7,12.2,12.449,65330,0.0,0.0,0.0,0.0,0.0
2003-09-24 16:00:00-04:00,12.16,12.55,12.0,12.24,131385,0.0,0.0,0.0,0.0,0.0
2003-09-25 16:00:00-04:00,11.8,12.45,11.44,11.75,75657,0.0,0.0,0.0,0.0,0.0
2003-09-26 16:00:00-04:00,11.4,11.93,11.41,11.5,141530,0.0,0.0,0.0,0.0,0.0
2003-09-29 16:00:00-04:00,12.01,12.45,11.4,12.0,89630,0.0,0.0,0.0,0.0,0.0
2003-09-30 16:00:00-04:00,12.15,12.4,11.9,12.2,101878,0.0,0.0,0.0,0.0,0.0
2003-10-01 16:00:00-04:00,11.82,12.25,11.66,11.75,97214,0.0,0.0,0.0,0.0,0.0
2003-10-02 16:00:00-04:00,12.11,12.24,11.73,12.1,63042,0.0,0.0,0.0,0.0,0.0
2003-10-03 16:00:00-04:00,11.87,12.1,11.5,11.84,50176,0.0,0.0,0.0,0.0,0.0
2003-10-06 16:00:00-04:00,11.98,12.08,11.78,11.95,54189,0.0,0.0,0.0,0.0,0.0
2003-10-07 16:00:00-04:00,12.05,12.13,11.77,12.04,53392,0.0,0.0,0.0,0.0,0.0
2003-10-08 16:00:00-04:00,12.5,12.43,12.04,12.33,41792,0.0,0.0,0.0,0.0,0.0
2003-10-09 16:00:00-04:00,12.21,12.55,12.15,12.32,61614,0.0,0.0,0.0,0.0,0.0
2003-10-10 16:00:00-04:00,12.55,12.58,12.21,12.58,42042,0.0,0.0,0.0,0.0,0.0
2003-10-13 16:00:00-04:00,12.3,12.55,12.39,12.55,56865,0.0,0.0,0.0,0.0,0.0
2003-10-14 16:00:00-04:00,12.5,12.74,12.3,12.7,44603,0.0,0.0,0.0,0.0,0.0
2003-10-15 16:00:00-04:00,12.84,12.85,12.5,12.78,15064,0.0,0.0,0.0,0.0,0.0
2003-10-16 16:00:00-04:00,12.62,12.85,12.62,12.76,37361,0.0,0.0,0.0,0.0,0.0
2003-10-17 16:00:00-04:00,12.56,12.75,12.4,12.59,39240,0.0,0.0,0.0,0.0,0.0
2003-10-20 16:00:00-04:00,12.26,12.68,12.27,12.51,35391,0.0,0.0,0.0,0.0,0.0
2003-10-21 16:00:00-04:00,12.62,12.85,12.25,12.52,49199,0.0,0.0,0.0,0.0,0.0
2003-10-22 16:00:00-04:00,12.34,12.73,12.3,12.45,97185,0.0,0.0,0.0,0.0,0.0
2003-10-23 16:00:00-04:00,12.4,12.35,11.9,12.27,35391,0.0,0.0,0.0,0.0,0.0
2003-10-24 16:00:00-04:00,12.21,12.4,11.8,12.15,45824,0.0,0.0,0.0,0.0,0.0
2003-10-27 16:00:00-05:00,12.28,12.46,12.16,12.33,67800,0.0,0.0,0.0,0.0,0.0
2003-10-28 16:00:00-05:00,12.75,12.98,12.25,12.859,35179,0.0,0.0,0.0,0.0,0.0
2003-10-29 16:00:00-05:00,12.9,13.0,12.46,12.97,89515,0.0,0.0,0.0,0.0,0.0
2003-10-30 16:00:00-05:00,12.849,12.94,12.5,12.64,65958,0.0,0.0,0.0,0.0,0.0
2003-10-31 16:00:00-05:00,12.85,12.849,12.55,12.74,37655,0.0,0.0,0.0,0.0,0.0
2003-11-03 16:00:00-05:00,12.691,12.92,12.56,12.85,90644,0.0,0.0,0.0,0.0,0.0
2003-11-04 16:00:00-05:00,12.78,12.95,12.37,12.84,56641,0.0,0.0,0.0,0.0,0.0
2003-11-05 16:00:00-05:00,12.75,13.15,12.74,12.8,88307,0.0,0.0,0.0,0.0,0.0
2003-11-06 16:00:00-05:00,13.37,13.42,12.55,13.2,119757,0.0,0.0,0.0,0.0,0.0
2003-11-07 16:00:00-05:00,14.3,14.5,13.24,14.2,55834,0.0,0.0,0.0,0.0,0.0
2003-11-10 16:00:00-05:00,14.25,14.4,13.98,14.1,73010,0.0,0.0,0.0,0.0,0.0
2003-11-11 16:00:00-05:00,13.88,14.45,13.7,13.89,44891,0.0,0.0,0.0,0.0,0.0
2003-11-12 16:00:00-05:00,13.51,13.865,13.5,13.75,46927,0.0,0.0,0.0,0.0,0.0
2003-11-13 16:00:00-05:00,13.7,13.72,13.29,13.6,68615,0.0,0.0,0.0,0.0,0.0
2003-11-14 16:00:00-05:00,14.15,14.15,13.52,14.14,39587,0.0,0.0,0.0,0.0,0.0
2003-11-17 16:00:00-05:00,13.75,14.15,13.65,13.65,52007,0.0,0.0,0.0,0.0,0.0
2003-11-18 16:00:00-05:00,13.85,13.84,13.3,13.46,28015,0.0,0.0,0.0,0.0,0.0
2003-11-19 16:00:00-05:00,13.55,13.85,13.61,13.74,32179,0.0,0.0,0.0,0.0,0.0
2003-11-20 16:00:00-05:00,13.78,14.0,13.55,13.8,65551,0.0,0.0,0.0,0.0,0.0
2003-11-21 16:00:00-05:00,13.58,13.97,13.37,13.37,67032,0.0,0.0,0.0,0.0,0.0
2003-11-24 16:00:00-05:00,13.4,13.66,13.32,13.56,46437,0.0,0.0,0.0,0.0,0.0
2003-11-25 16:00:00-05:00,13.72,13.74,13.31,13.62,83031,0.0,0.0,0.0,0.0,0.0
2003-11-26 16:00:00-05:00,14.32,14.35,13.57,14.27,22585,0.0,0.0,0.0,0.0,0.0
2003-11-28 16:00:00-05:00,14.35,14.5,14.05,14.1,29552,0.0,0.0,0.0,0.0,0.0
2003-12-01 16:00:00-05:00,14.25,14.35,14.16,14.23,84428,0.0,0.0,0.0,0.0,0.0
2003-12-02 16:00:00-05:00,14.55,14.55,14.21,14.55,196709,0.0,0.0,0.0,0.0,0.0
2003-12-03 16:00:00-05:00,14.92,15.25,14.48,15.25,211608,0.0,0.0,0.0,0.0,0.0
2003-12-04 16:00:00-05:00,14.75,15.07,14.79,14.9,61535,0.0,0.0,0.0,0.0,0.0
2003-12-05 16:00:00-05:00,14.88,14.91,14.6,14.88,36270,0.0,0.0,0.0,0.0,0.0
2003-12-08 16:00:00-05:00,14.73,14.9,14.5,14.5,116853,0.0,0.0,0.0,0.0,0.0
2003-12-09 16:00:00-05:00,14.7,14.75,14.54,14.65,59504,0.0,0.0,0.0,0.0,0.0
2003-12-10 16:00:00-05:00,14.59,14.75,14.5,14.58,115152,0.0,0.0,0.0,0.0,0.0
2003-12-11 16:00:00-05:00,13.86,14.59,13.65,13.86,95401,0.0,0.0,0.0,0.0,0.0
2003-12-12 16:00:00-05:00,14.5,14.46,13.85,14.39,35192,0.0,0.0,0.0,0.0,0.0
2003-12-15 16:00:00-05:00,14.6,14.6,14.37,14.5,84424,0.0,0.0,0.0,0.0,0.0
2003-12-16 16:00:00-05:00,13.75,14.6,13.41,13.48,73028,0.0,0.0,0.0,0.0,0.0
2003-12-17 16:00:00-05:00,13.96,14.0,13.57,13.94,54672,0.0,0.0,0.0,0.0,0.0
2003-12-18 16:00:00-05:00,13.6,14.36,13.48,13.61,87033,0.0,0.0,0.0,0.0,0.0
2003-12-19 16:00:00-05:00,14.24,14.15,13.6,14.0,37303,0.0,0.0,0.0,0.0,0.0
2003-12-22 16:00:00-05:00,13.8,14.25,13.8,13.81,34265,0.0,0.0,0.0,0.0,0.0
2003-12-23 16:00:00-05:00,13.936,14.25,13.8,13.93,133640,0.0,0.0,0.0,0.0,0.0
2003-12-24 16:00:00-05:00,14.74,15.2,13.9,14.9,48684,0.0,0.0,0.0,0.0,0.0
2003-12-26 16:00:00-05:00,14.32,14.75,13.9,14.51,46325,0.0,0.0,0.0,0.0,0.0
2003-12-29 16:00:00-05:00,14.49,14.63,14.2,14.33,45372,0.0,0.0,0.0,0.0,0.0
2003-12-30 16:00:00-05:00,14.75,14.95,14.25,14.8,33530,0.0,0.0,0.0,0.0,0.0
2003-12-31 16:00:00-05:00,14.95,15.0,14.63,14.96,83579,0.0,0.0,0.0,0.0,0.0
2004-01-02 16:00:00-05:00,14.99,15.43,14.781,14.92,90731,0.0,0.0,0.0,0.0,0.0
2004-01-05 16:00:00-05:00,14.31,15.14,14.05,14.2,75134,0.0,0.0,0.0,0.0,0.0
2004-01-06 16:00:00-05:00,14.7,14.95,14.31,14.79,99556,0.0,0.0,0.0,0.0,0.0
2004-01-07 16:00:00-05:00,14.59,14.8,14.5,14.73,67034,0.0,0.0,0.0,0.0,0.0
2004-01-08 16:00:00-05:00,14.39,14.79,14.3,14.44,54216,0.0,0.0,0.0,0.0,0.0
2004-01-09 16:00:00-05:00,14.16,14.6,14.39,14.45,171663,0.0,0.0,0.0,0.0,0.0
2004-01-12 16:00:00-05:00,14.0,14.35,14.01,14.05,84931,0.0,0.0,0.0,0.0,0.0
2004-01-13 16:00:00-05:00,13.95,14.25,13.9,13.9,335275,0.0,0.0,0.0,0.0,0.0
2004-01-14 16:00:00-05:00,13.99,14.0,13.25,14.0,172657,0.0,0.0,0.0,0.0,0.0
2004-01-15 16:00:00-05:00,13.51,14.0,13.55,13.59,291245,0.0,0.0,0.0,0.0,0.0
2004-01-16 16:00:00-05:00,12.65,13.51,12.6,12.61,115192,0.0,0.0,0.0,0.0,0.0
2004-01-20 16:00:00-05:00,12.75,12.94,12.57,12.8,90807,0.0,0.0,0.0,0.0,0.0
2004-01-21 16:00:00-05:00,13.0,13.14,12.75,13.1,80083,0.0,0.0,0.0,0.0,0.0
2004-01-22 16:00:00-05:00,13.44,13.47,12.95,13.31,101786,0.0,0.0,0.0,0.0,0.0
2004-01-23 16:00:00-05:00,13.5,13.75,13.35,13.5,59662,0.0,0.0,0.0,0.0,0.0
2004-01-26 16:00:00-05:00,13.59,13.93,13.48,13.82,46074,0.0,0.0,0.0,0.0,0.0
2004-01-27 16:00:00-05:00,13.93,13.95,13.59,13.9,115932,0.0,0.0,0.0,0.0,0.0
2004-01-28 16:00:00-05:00,13.45,13.93,13.5,13.5,120941,0.0,0.0,0.0,0.0,0.0
2004-01-29 16:00:00-05:00,12.9,13.6,12.9,13.03,35822,0.0,0.0,0.0,0.0,0.0
2004-01-30 16:00:00-05:00,12.98,13.2,12.91,13.2,37528,0.0,0.0,0.0,0.0,0.0
2004-02-02 16:00:00-05:00,13.18,13.2,12.8,13.05,98558,0.0,0.0,0.0,0.0,0.0
2004-02-03 16:00:00-05:00,12.71,13.28,12.72,12.75,57961,0.0,0.0,0.0,0.0,0.0
2004-02-04 16:00:00-05:00,13.05,13.24,12.71,13.06,56680,0.0,0.0,0.0,0.0,0.0
2004-02-05 16:00:00-05:00,12.75,13.05,12.71,12.75,485680,0.0,0.0,0.0,0.0,0.0
2004-02-06 16:00:00-05:00,12.65,12.98,12.25,12.49,184393,0.0,0.0,0.0,0.0,0.0
2004-02-09 16:00:00-05:00,12.0,12.65,11.96,12.2,276485,0.0,0.0,0.0,0.0,0.0
2004-02-10 16:00:00-05:00,12.0,12.25,11.89,12.0,291748,0.0,0.0,0.0,0.0,0.0
2004-02-11 16:00:00-05:00,12.11,12.15,11.44,12.07,99870,0.0,0.0,0.0,0.0,0.0
2004-02-12 16:00:00-05:00,13.03,12.85,11.964,12.85,81244,0.0,0.0,0.0,0.0,0.0
2004-02-13 16:00:00-05:00,13.3,13.669,12.89,13.03,41607,0.0,0.0,0.0,0.0,0.0
2004-02-17 16:00:00-05:00,12.82,13.3,12.64,12.85,64681,0.0,0.0,0.0,0.0,0.0
2004-02-18 16:00:00-05:00,13.2,13.37,12.7,13.31,77363,0.0,0.0,0.0,0.0,0.0
2004-02-19 16:00:00-05:00,13.51,14.1,13.15,13.55,50999,0.0,0.0,0.0,0.0,0.0
2004-02-20 16:00:00-05:00,13.26,13.54,13.25,13.26,89453,0.0,0.0,0.0,0.0,0.0
2004-02-23 16:00:00-05:00,13.75,13.65,13.25,13.6,186160,0.0,0.0,0.0,0.0,0.0
2004-02-24 16:00:00-05:00,14.075,14.2,13.57,14.03,155705,0.0,0.0,0.0,0.0,0.0
2004-02-25 16:00:00-05:00,14.06,14.2,13.75,14.2,156973,0.0,0.0,0.0,0.0,0.0
2004-02-26 16:00:00-05:00,14.45,14.95,14.05,14.59,235343,0.0,0.0,0.0,0.0,0.0
2004-02-27 16:00:00-05:00,14.75,15.5,14.45,15.34,342047,0.0,0.0,0.0,0.0,0.0
2004-03-01 16:00:00-05:00,14.38,14.75,13.83,14.58,110685,0.0,0.0,0.0,0.0,0.0
2004-03-02 16:00:00-05:00,14.28,14.65,14.25,14.31,120453,0.0,0.0,0.0,0.0,0.0
2004-03-03 16:00:00-05:00,14.14,14.43,13.78,13.89,94254,0.0,0.0,0.0,0.0,0.0
2004-03-04 16:00:00-05:00,13.8,14.19,13.45,13.72,60753,0.0,0.0,0.0,0.0,0.0
2004-03-05 16:00:00-05:00,13.4,13.79,13.4,13.77,119834,0.0,0.0,0.0,0.0,0.0
2004-03-08 16:00:00-05:00,14.29,14.5,13.4,14.3,73649,0.0,0.0,0.0,0.0,0.0
2004-03-09 16:00:00-05:00,14.23,14.7,14.07,14.26,118013,0.0,0.0,0.0,0.0,0.0
2004-03-10 16:00:00-05:00,13.66,14.23,13.3,13.6,117750,0.0,0.0,0.0,0.0,0.0
2004-03-11 16:00:00-05:00,14.0,14.0,13.4,13.8,69439,0.0,0.0,0.0,0.0,0.0
2004-03-12 16:00:00-05:00,13.93,14.0,13.55,13.62,101453,0.0,0.0,0.0,0.0,0.0
2004-03-15 16:00:00-05:00,13.34,13.95,13.1,13.18,110105,0.0,0.0,0.0,0.0,0.0
2004-03-16 16:00:00-05:00,13.5,13.33,12.529,12.61,136416,0.0,0.0,0.0,0.0,0.0
2004-03-17 16:00:00-05:00,13.22,13.5,12.77,12.92,114180,0.0,0.0,0.0,0.0,0.0
2004-03-18 16:00:00-05:00,13.19,13.55,12.9,13.09,114208,0.0,0.0,0.0,0.0,0.0
2004-03-19 16:00:00-05:00,13.11,13.19,12.76,12.96,63064,0.0,0.0,0.0,0.0,0.0
2004-03-22 16:00:00-05:00,12.7,13.12,12.71,12.76,66039,0.0,0.0,0.0,0.0,0.0
2004-03-23 16:00:00-05:00,12.7,12.89,12.7,12.89,67010,0.0,0.0,0.0,0.0,0.0
2004-03-24 16:00:00-05:00,12.81,13.2,12.7,13.03,81384,0.0,0.0,0.0,0.0,0.0
2004-03-25 16:00:00-05:00,12.9,13.11,12.7933,12.96,82183,0.0,0.0,0.0,0.0,0.0
2004-03-26 16:00:00-05:00,12.55,13.09,12.51,12.77,86979,0.0,0.0,0.0,0.0,0.0
2004-03-29 16:00:00-05:00,12.55,12.77,12.4,12.56,44923,0.0,0.0,0.0,0.0,0.0
2004-03-30 16:00:00-05:00,12.82,12.94,12.5,12.91,24698,0.0,0.0,0.0,0.0,0.0
2004-03-31 16:00:00-05:00,13.2,13.09,12.919,13.09,124093,0.0,0.0,0.0,0.0,0.0
2004-04-01 16:00:00-05:00,13.35,13.55,13.03,13.07,91085,0.0,0.0,0.0,0.0,0.0
2004-04-02 16:00:00-05:00,12.86,13.35,12.85,13.0,95088,0.0,0.0,0.0,0.0,0.0
2004-04-05 16:00:00-04:00,13.75,13.67,12.86,13.66,114145,0.0,0.0,0.0,0.0,0.0
2004-04-06 16:00:00-04:00,13.75,13.85,13.38,13.85,67442,0.0,0.0,0.0,0.0,0.0
2004-04-07 16:00:00-04:00,14.5,14.72,13.72,14.65,119334,0.0,0.0,0.0,0.0,0.0
2004-04-08 16:00:00-04:00,14.75,14.69,14.5,14.6,49607,0.0,0.0,0.0,0.0,0.0
2004-04-12 16:00:00-04:00,14.37,14.75,14.23,14.291,49606,0.0,0.0,0.0,0.0,0.0
2004-04-13 16:00:00-04:00,14.41,14.85,14.24,14.58,125510,0.0,0.0,0.0,0.0,0.0
2004-04-14 16:00:00-04:00,13.61,14.75,13.61,13.78,99463,0.0,0.0,0.0,0.0,0.0
2004-04-15 16:00:00-04:00,13.82,14.03,13.46,13.82,55491,0.0,0.0,0.0,0.0,0.0
2004-04-16 16:00:00-04:00,13.75,14.14,13.57,13.57,47803,0.0,0.0,0.0,0.0,0.0
2004-04-19 16:00:00-04:00,14.0,14.2,13.68,14.2,21972,0.0,0.0,0.0,0.0,0.0
2004-04-20 16:00:00-04:00,14.23,14.23,13.82,14.111,31525,0.0,0.0,0.0,0.0,0.0
2004-04-21 16:00:00-04:00,13.82,14.23,13.8,14.03,24338,0.0,0.0,0.0,0.0,0.0
2004-04-22 16:00:00-04:00,13.89,13.96,13.7,13.7,41166,0.0,0.0,0.0,0.0,0.0
2004-04-23 16:00:00-04:00,14.025,14.25,13.22,14.25,29272,0.0,0.0,0.0,0.0,0.0
2004-04-26 16:00:00-04:00,13.9,14.34,14.0,14.24,58510,0.0,0.0,0.0,0.0,0.0
2004-04-27 16:00:00-04:00,13.91,14.48,13.81,13.87,63846,0.0,0.0,0.0,0.0,0.0
2004-04-28 16:00:00-04:00,13.86,14.06,13.75,14.06,54171,0.0,0.0,0.0,0.0,0.0
2004-04-29 16:00:00-04:00,13.95,14.23,13.93,14.0,29708,0.0,0.0,0.0,0.0,0.0
2004-04-30 16:00:00-04:00,13.89,14.24,13.89,13.89,41814,0.0,0.0,0.0,0.0,0.0
2004-05-03 16:00:00-04:00,13.24,14.0,13.22,13.22,50323,0.0,0.0,0.0,0.0,0.0
2004-05-04 16:00:00-04:00,14.19,14.24,13.27,14.24,48728,0.0,0.0,0.0,0.0,0.0
2004-05-05 16:00:00-04:00,14.2,14.19,13.5,14.15,27391,0.0,0.0,0.0,0.0,0.0
2004-05-06 16:00:00-04:00,14.22,14.45,14.01,14.33,57748,0.0,0.0,0.0,0.0,0.0
2004-05-07 16:00:00-04:00,14.15,14.3,13.83,14.1,59404,0.0,0.0,0.0,0.0,0.0
2004-05-10 16:00:00-04:00,13.65,14.15,13.56,13.71,80363,0.0,0.0,0.0,0.0,0.0
2004-05-11 16:00:00-04:00,13.01,13.65,12.75,13.05,70364,0.0,0.0,0.0,0.0,0.0
2004-05-12 16:00:00-04:00,13.55,13.5,12.99,13.5,31881,0.0,0.0,0.0,0.0,0.0
2004-05-13 16:00:00-04:00,13.54,13.7,13.2,13.7,47016,0.0,0.0,0.0,0.0,0.0
2004-05-14 16:00:00-04:00,13.4,13.7,13.49,13.7,59194,0.0,0.0,0.0,0.0,0.0
2004-05-17 16:00:00-04:00,13.6,14.07,13.4,13.66,48247,0.0,0.0,0.0,0.0,0.0
2004-05-18 16:00:00-04:00,13.545,13.8,13.25,13.56,14127,0.0,0.0,0.0,0.0,0.0
2004-05-19 16:00:00-04:00,13.83,13.81,13.545,13.79,56647,0.0,0.0,0.0,0.0,0.0
2004-05-20 16:00:00-04:00,13.69,14.25,13.76,13.89,36828,0.0,0.0,0.0,0.0,0.0
2004-05-21 16:00:00-04:00,13.72,13.92,13.53,13.67,188893,0.0,0.0,0.0,0.0,0.0
2004-05-24 16:00:00-04:00,13.25,13.75,13.2573,13.33,141867,0.0,0.0,0.0,0.0,0.0
2004-05-25 16:00:00-04:00,13.32,13.58,13.02,13.28,101513,0.0,0.0,0.0,0.0,0.0
2004-05-26 16:00:00-04:00,13.5,13.87,13.17,13.85,42914,0.0,0.0,0.0,0.0,0.0
2004-05-27 16:00:00-04:00,13.74,13.9,13.4,13.9,47444,0.0,0.0,0.0,0.0,0.0
2004-05-28 16:00:00-04:00,13.55,13.88,13.55,13.59,38613,0.0,0.0,0.0,0.0,0.0
2004-06-01 16:00:00-04:00,13.57,14.0,13.46,13.92,34861,0.0,0.0,0.0,0.0,0.0
2004-06-02 16:00:00-04:00,14.0,14.25,13.79,14.21,71592,0.0,0.0,0.0,0.0,0.0
2004-06-03 16:00:00-04:00,14.05,14.36,13.92,14.26,35894,0.0,0.0,0.0,0.0,0.0
2004-06-04 16:00:00-04:00,14.38,14.5,14.2,14.28,26805,0.0,0.0,0.0,0.0,0.0
2004-06-07 16:00:00-04:00,14.3,14.51,14.16,14.51,47985,0.0,0.0,0.0,0.0,0.0
2004-06-08 16:00:00-04:00,14.51,15.21,14.33,14.778,98011,0.0,0.0,0.0,0.0,0.0
2004-06-09 16:00:00-04:00,14.76,14.93,14.52,14.68,19603,0.0,0.0,0.0,0.0,0.0
2004-06-10 16:00:00-04:00,14.65,14.83,14.45,14.5,51541,0.0,0.0,0.0,0.0,0.0
2004-06-14 16:00:00-04:00,14.4,14.5,14.358,14.44,37620,0.0,0.0,0.0,0.0,0.0
2004-06-15 16:00:00-04:00,14.63,15.0,14.51,14.75,33884,0.0,0.0,0.0,0.0,0.0
2004-06-16 16:00:00-04:00,15.2,15.2,14.76,15.08,44454,0.0,0.0,0.0,0.0,0.0
2004-06-17 16:00:00-04:00,15.13,15.38,14.87,15.13,63259,0.0,0.0,0.0,0.0,0.0
2004-06-18 16:00:00-04:00,14.9,15.25,14.72,15.18,69394,0.0,0.0,0.0,0.0,0.0
2004-06-21 16:00:00-04:00,15.33,15.4,14.9,15.07,18952,0.0,0.0,0.0,0.0,0.0
2004-06-22 16:00:00-04:00,14.96,15.25,14.91,15.22,28442,0.0,0.0,0.0,0.0,0.0
2004-06-23 16:00:00-04:00,15.02,15.9,15.01,15.78,69777,0.0,0.0,0.0,0.0,0.0
2004-06-24 16:00:00-04:00,15.98,16.0,15.61,15.92,50735,0.0,0.0,0.0,0.0,0.0
2004-06-25 16:00:00-04:00,15.9,15.92,15.15,15.9,137046,0.0,0.0,0.0,0.0,0.0
2004-06-28 16:00:00-04:00,15.4,15.9,15.31,15.77,47471,0.0,0.0,0.0,0.0,0.0
2004-06-29 16:00:00-04:00,15.79,16.19,15.74,15.87,117834,0.0,0.0,0.0,0.0,0.0
2004-06-30 16:00:00-04:00,15.97,15.97,15.2,15.21,62815,0.0,0.0,0.0,0.0,0.0
2004-07-01 16:00:00-04:00,15.44,15.53,15.02,15.36,43072,0.0,0.0,0.0,0.0,0.0
2004-07-02 16:00:00-04:00,15.5,15.63,15.01,15.56,65236,0.0,0.0,0.0,0.0,0.0
2004-07-06 16:00:00-04:00,15.75,15.75,14.91,14.94,107136,0.0,0.0,0.0,0.0,0.0
2004-07-07 16:00:00-04:00,15.13,15.22,14.62,14.8,76314,0.0,0.0,0.0,0.0,0.0
2004-07-08 16:00:00-04:00,14.7,14.9,14.27,14.44,165454,0.0,0.0,0.0,0.0,0.0
2004-07-09 16:00:00-04:00,14.51,14.57,14.23,14.3,101075,0.0,0.0,0.0,0.0,0.0
2004-07-12 16:00:00-04:00,14.3,14.34,14.05,14.16,143064,0.0,0.0,0.0,0.0,0.0
2004-07-13 16:00:00-04:00,14.24,14.4,13.95,13.97,107388,0.0,0.0,0.0,0.0,0.0
2004-07-14 16:00:00-04:00,13.95,14.2,13.9,14.08,71733,0.0,0.0,0.0,0.0,0.0
2004-07-15 16:00:00-04:00,13.91,14.18,13.91,14.0,72742,0.0,0.0,0.0,0.0,0.0
2004-07-16 16:00:00-04:00,14.02,14.3,13.85,13.91,78026,0.0,0.0,0.0,0.0,0.0
2004-07-19 16:00:00-04:00,13.81,14.2,13.81,14.19,17936,0.0,0.0,0.0,0.0,0.0
2004-07-20 16:00:00-04:00,14.155,14.29,13.81,14.23,33227,0.0,0.0,0.0,0.0,0.0
2004-07-21 16:00:00-04:00,14.31,14.31,13.95,14.0,35794,0.0,0.0,0.0,0.0,0.0
2004-07-22 16:00:00-04:00,14.02,14.1,13.82,13.89,63617,0.0,0.0,0.0,0.0,0.0
2004-07-23 16:00:00-04:00,13.94,14.11,13.81,13.9,27921,0.0,0.0,0.0,0.0,0.0
2004-07-26 16:00:00-04:00,13.86,14.0,13.1,13.25,164600,0.0,0.0,0.0,0.0,0.0
2004-07-27 16:00:00-04:00,13.3,13.9,13.24,13.9,47613,0.0,0.0,0.0,0.0,0.0
2004-07-28 16:00:00-04:00,14.12,15.92,14.11,15.39,244342,0.0,0.0,0.0,0.0,0.0
2004-07-29 16:00:00-04:00,15.55,16.38,15.1,15.41,140072,0.0,0.0,0.0,0.0,0.0
2004-07-30 16:00:00-04:00,15.5,15.51,14.95,15.03,54923,0.0,0.0,0.0,0.0,0.0
2004-08-02 16:00:00-04:00,14.97,15.45,14.94,15.01,79496,0.0,0.0,0.0,0.0,0.0
2004-08-03 16:00:00-04:00,14.76,15.38,14.72,14.95,82060,0.0,0.0,0.0,0.0,0.0
2004-08-04 16:00:00-04:00,14.93,15.1,14.87,14.98,60073,0.0,0.0,0.0,0.0,0.0
2004-08-05 16:00:00-04:00,14.98,15.21,14.7,14.71,32037,0.0,0.0,0.0,0.0,0.0
2004-08-06 16:00:00-04:00,14.89,14.94,14.56,14.73,51526,0.0,0.0,0.0,0.0,0.0
2004-08-09 16:00:00-04:00,14.89,15.0,14.54,14.54,24651,0.0,0.0,0.0,0.0,0.0
2004-08-10 16:00:00-04:00,14.8,14.9,14.5,14.76,36802,0.0,0.0,0.0,0.0,0.0
2004-08-11 16:00:00-04:00,14.93,14.93,14.51,14.51,18613,0.0,0.0,0.0,0.0,0.0
2004-08-12 16:00:00-04:00,14.51,14.86,14.38,14.51,18911,0.0,0.0,0.0,0.0,0.0
2004-08-13 16:00:00-04:00,14.45,14.81,14.23,14.38,21262,0.0,0.0,0.0,0.0,0.0
2004-08-16 16:00:00-04:00,14.2,15.35,14.2,15.0,19987,0.0,0.0,0.0,0.0,0.0
2004-08-17 16:00:00-04:00,15.0,15.24,14.81,15.2,16052,0.0,0.0,0.0,0.0,0.0
2004-08-18 16:00:00-04:00,14.99,15.2,14.75,15.2,17701,0.0,0.0,0.0,0.0,0.0
2004-08-19 16:00:00-04:00,14.92,15.45,14.8,14.82,89149,0.0,0.0,0.0,0.0,0.0
2004-08-20 16:00:00-04:00,15.01,15.14,14.85,14.96,26406,0.0,0.0,0.0,0.0,0.0
2004-08-23 16:00:00-04:00,14.93,15.5,14.8,14.8,20635,0.0,0.0,0.0,0.0,0.0
2004-08-24 16:00:00-04:00,14.88,15.16,14.81,14.91,15014,0.0,0.0,0.0,0.0,0.0
2004-08-25 16:00:00-04:00,14.8,15.18,14.8,14.98,40504,0.0,0.0,0.0,0.0,0.0
2004-08-26 16:00:00-04:00,15.17,15.2,14.57,14.57,45742,0.0,0.0,0.0,0.0,0.0
2004-08-27 16:00:00-04:00,14.9,15.05,14.5,15.05,20788,0.0,0.0,0.0,0.0,0.0
2004-08-30 16:00:00-04:00,14.7,14.91,14.3,14.8,44657,0.0,0.0,0.0,0.0,0.0
2004-08-31 16:00:00-04:00,14.6,14.95,14.35,14.68,31780,0.0,0.0,0.0,0.0,0.0
2004-09-01 16:00:00-04:00,14.4,15.59,14.4,15.0,47076,0.0,0.0,0.0,0.0,0.0
2004-09-02 16:00:00-04:00,14.55,15.39,14.55,15.25,20984,0.0,0.0,0.0,0.0,0.0
2004-09-03 16:00:00-04:00,15.25,15.25,14.76,14.78,11846,0.0,0.0,0.0,0.0,0.0
2004-09-07 16:00:00-04:00,14.75,15.28,14.65,15.02,20157,0.0,0.0,0.0,0.0,0.0
2004-09-08 16:00:00-04:00,14.71,15.45,14.71,14.88,20468,0.0,0.0,0.0,0.0,0.0
2004-09-09 16:00:00-04:00,14.77,15.1,14.75,14.88,17475,0.0,0.0,0.0,0.0,0.0
2004-09-10 16:00:00-04:00,14.76,15.18,14.76,14.93,14794,0.0,0.0,0.0,0.0,0.0
2004-09-13 16:00:00-04:00,15.18,15.47,14.97,15.09,53537,0.0,0.0,0.0,0.0,0.0
2004-09-14 16:00:00-04:00,15.4,15.49,14.9,15.44,10413,0.0,0.0,0.0,0.0,0.0
2004-09-15 16:00:00-04:00,15.1,15.49,15.1,15.36,16088,0.0,0.0,0.0,0.0,0.0
2004-09-16 16:00:00-04:00,15.11,15.5,15.11,15.5,11241,0.0,0.0,0.0,0.0,0.0
2004-09-17 16:00:00-04:00,15.5,15.8,15.01,15.21,30724,0.0,0.0,0.0,0.0,0.0
2004-09-20 16:00:00-04:00,15.275,15.54,15.05,15.05,12861,0.0,0.0,0.0,0.0,0.0
2004-09-21 16:00:00-04:00,15.32,15.8,15.01,15.8,16714,0.0,0.0,0.0,0.0,0.0
2004-09-22 16:00:00-04:00,15.4,15.83,15.2,15.83,34056,0.0,0.0,0.0,0.0,0.0
2004-09-23 16:00:00-04:00,15.51,15.85,15.5,15.65,15422,0.0,0.0,0.0,0.0,0.0
2004-09-24 16:00:00-04:00,15.65,15.97,15.6,15.65,67931,0.0,0.0,0.0,0.0,0.0
2004-09-27 16:00:00-04:00,15.65,15.71,15.45,15.65,18319,0.0,0.0,0.0,0.0,0.0
2004-09-28 16:00:00-04:00,15.64,15.8,15.54,15.8,10122,0.0,0.0,0.0,0.0,0.0
2004-09-29 16:00:00-04:00,15.81,15.88,15.75,15.88,10720,0.0,0.0,0.0,0.0,0.0
2004-09-30 16:00:00-04:00,15.94,15.94,15.55,15.87,25249,0.0,0.0,0.0,0.0,0.0
2004-10-01 16:00:00-04:00,15.65,16.25,15.65,16.25,44988,0.0,0.0,0.0,0.0,0.0
2004-10-04 16:00:00-04:00,16.0,16.6,16.0,16.43,30555,0.0,0.0,0.0,0.0,0.0
2004-10-05 16:00:00-04:00,16.1,16.42,15.99,16.23,61018,0.0,0.0,0.0,0.0,0.0
2004-10-06 16:00:00-04:00,16.1,16.4,15.6,15.6,230347,0.0,0.0,0.0,0.0,0.0
2004-10-07 16:00:00-04:00,15.92,16.01,15.67,15.78,38310,0.0,0.0,0.0,0.0,0.0
2004-10-08 16:00:00-04:00,15.73,16.77,15.73,16.67,68551,0.0,0.0,0.0,0.0,0.0
2004-10-11 16:00:00-04:00,16.8,16.85,16.55,16.7,24984,0.0,0.0,0.0,0.0,0.0
2004-10-12 16:00:00-04:00,16.7,17.6,16.7,17.15,78566,0.0,0.0,0.0,0.0,0.0
2004-10-13 16:00:00-04:00,17.49,17.49,17.0,17.2,95457,0.0,0.0,0.0,0.0,0.0
2004-10-14 16:00:00-04:00,17.45,17.45,16.4,16.79,34203,0.0,0.0,0.0,0.0,0.0
2004-10-15 16:00:00-04:00,16.86,17.06,16.51,17.0,25278,0.0,0.0,0.0,0.0,0.0
2004-10-18 16:00:00-04:00,17.25,17.25,16.75,16.89,32014,0.0,0.0,0.0,0.0,0.0
2004-10-19 16:00:00-04:00,17.24,17.25,16.8,16.8,18134,0.0,0.0,0.0,0.0,0.0
2004-10-20 16:00:00-04:00,16.75,16.99,16.75,16.99,18842,0.0,0.0,0.0,0.0,0.0
2004-10-21 16:00:00-04:00,17.0,17.0,16.75,16.95,19349,0.0,0.0,0.0,0.0,0.0
2004-10-22 16:00:00-04:00,17.03,17.08,16.8,16.8,11925,0.0,0.0,0.0,0.0,0.0
2004-10-25 16:00:00-04:00,17.24,17.24,16.25,16.49,61594,0.0,0.0,0.0,0.0,0.0
2004-10-26 16:00:00-04:00,16.6,17.0,16.18,16.5,26403,0.0,0.0,0.0,0.0,0.0
2004-10-27 16:00:00-04:00,16.25,16.8,15.66,15.9,94216,0.0,0.0,0.0,0.0,0.0
2004-10-28 16:00:00-04:00,15.7,16.11,15.25,15.25,99259,0.0,0.0,0.0,0.0,0.0
2004-10-29 16:00:00-04:00,16.14,16.14,15.25,15.325,70908,0.0,0.0,0.0,0.0,0.0
2004-11-01 16:00:00-05:00,15.26,15.5,15.25,15.32,41332,0.0,0.0,0.0,0.0,0.0
2004-11-02 16:00:00-05:00,15.46,15.47,15.05,15.15,77736,0.0,0.0,0.0,0.0,0.0
2004-11-03 16:00:00-05:00,15.3,15.8,15.14,15.4,105457,0.0,0.0,0.0,0.0,0.0
2004-11-04 16:00:00-05:00,15.55,15.55,15.24,15.4,39814,0.0,0.0,0.0,0.0,0.0
2004-11-05 16:00:00-05:00,15.75,15.75,14.75,14.75,116314,0.0,0.0,0.0,0.0,0.0
2004-11-08 16:00:00-05:00,15.13,15.13,14.55,14.55,127779,0.0,0.0,0.0,0.0,0.0
2004-11-09 16:00:00-05:00,14.4,15.28,14.4,14.9,46544,0.0,0.0,0.0,0.0,0.0
2004-11-10 16:00:00-05:00,15.29,16.3,14.97,16.21,57495,0.0,0.0,0.0,0.0,0.0
2004-11-11 16:00:00-05:00,15.82,15.98,15.37,15.67,41714,0.0,0.0,0.0,0.0,0.0
2004-11-12 16:00:00-05:00,16.0,16.38,15.47,16.2,66065,0.0,0.0,0.0,0.0,0.0
2004-11-15 16:00:00-05:00,15.5,16.17,15.5,15.8,27292,0.0,0.0,0.0,0.0,0.0
2004-11-16 16:00:00-05:00,15.5,15.74,15.1,15.15,33609,0.0,0.0,0.0,0.0,0.0
2004-11-17 16:00:00-05:00,15.1,15.82,15.1,15.19,22320,0.0,0.0,0.0,0.0,0.0
2004-11-18 16:00:00-05:00,15.59,15.59,15.0,15.05,18902,0.0,0.0,0.0,0.0,0.0
2004-11-19 16:00:00-05:00,14.9,15.5,14.86,15.14,26027,0.0,0.0,0.0,0.0,0.0
2004-11-22 16:00:00-05:00,15.0,15.14,14.81,14.94,33721,0.0,0.0,0.0,0.0,0.0
2004-11-23 16:00:00-05:00,15.2,15.2,14.73,14.77,40791,0.0,0.0,0.0,0.0,0.0
2004-11-24 16:00:00-05:00,14.95,15.0,14.56,14.98,29412,0.0,0.0,0.0,0.0,0.0
2004-11-26 16:00:00-05:00,15.0,15.0,14.77,14.94,5732,0.0,0.0,0.0,0.0,0.0
2004-11-29 16:00:00-05:00,15.0,15.1,14.5,15.06,23855,0.0,0.0,0.0,0.0,0.0
2004-11-30 16:00:00-05:00,15.1,15.21,14.761,14.96,20373,0.0,0.0,0.0,0.0,0.0
2004-12-01 16:00:00-05:00,14.8,15.24,14.8,14.88,35771,0.0,0.0,0.0,0.0,0.0
2004-12-02 16:00:00-05:00,15.25,15.25,14.92,15.05,23043,0.0,0.0,0.0,0.0,0.0
2004-12-03 16:00:00-05:00,15.05,15.11,14.55,14.96,155715,0.0,0.0,0.0,0.0,0.0
2004-12-06 16:00:00-05:00,14.66,14.93,14.5,14.52,49093,0.0,0.0,0.0,0.0,0.0
2004-12-07 16:00:00-05:00,14.51,14.59,13.75,13.94,68685,0.0,0.0,0.0,0.0,0.0
2004-12-08 16:00:00-05:00,13.77,14.85,13.77,14.83,374701,0.0,0.0,0.0,0.0,0.0
2004-12-09 16:00:00-05:00,14.88,15.11,14.62,14.95,19931,0.0,0.0,0.0,0.0,0.0
2004-12-10 16:00:00-05:00,15.25,15.38,14.96,15.29,104457,0.0,0.0,0.0,0.0,0.0
2004-12-13 16:00:00-05:00,15.3,15.49,14.9,15.33,31865,0.0,0.0,0.0,0.0,0.0
2004-12-14 16:00:00-05:00,15.43,15.7,15.24,15.39,26922,0.0,0.0,0.0,0.0,0.0
2004-12-15 16:00:00-05:00,15.48,15.51,15.3,15.4,11829,0.0,0.0,0.0,0.0,0.0
2004-12-16 16:00:00-05:00,15.35,15.62,15.23,15.41,17408,0.0,0.0,0.0,0.0,0.0
2004-12-17 16:00:00-05:00,15.19,15.23,14.64,14.71,47204,0.0,0.0,0.0,0.0,0.0
2004-12-20 16:00:00-05:00,14.6,15.18,14.4,14.59,106537,0.0,0.0,0.0,0.0,0.0
2004-12-21 16:00:00-05:00,14.64,14.8,14.41,14.61,17449,0.0,0.0,0.0,0.0,0.0
2004-12-22 16:00:00-05:00,14.42,14.81,14.42,14.56,10635,0.0,0.0,0.0,0.0,0.0
2004-12-23 16:00:00-05:00,14.7,14.73,14.03,14.19,54426,0.0,0.0,0.0,0.0,0.0
2004-12-27 16:00:00-05:00,14.12,14.34,13.76,13.99,152190,0.0,0.0,0.0,0.0,0.0
2004-12-28 16:00:00-05:00,13.85,14.1,13.76,13.97,57539,0.0,0.0,0.0,0.0,0.0
2004-12-29 16:00:00-05:00,13.76,14.0,13.43,13.73,109229,0.0,0.0,0.0,0.0,0.0
2004-12-30 16:00:00-05:00,13.9,14.52,13.9,14.33,55777,0.0,0.0,0.0,0.0,0.0
2004-12-31 16:00:00-05:00,14.48,14.48,13.95,14.0,41312,0.0,0.0,0.0,0.0,0.0
2005-01-03 16:00:00-05:00,13.65,14.04,13.65,13.75,92409,0.0,0.0,0.0,0.0,0.0
2005-01-04 16:00:00-05:00,13.96,14.03,13.5,13.57,44734,0.0,0.0,0.0,0.0,0.0
2005-01-05 16:00:00-05:00,13.5,13.79,13.11,13.24,50652,0.0,0.0,0.0,0.0,0.0
2005-01-06 16:00:00-05:00,13.7,13.73,13.21,13.61,66825,0.0,0.0,0.0,0.0,0.0
2005-01-07 16:00:00-05:00,13.47,14.07,13.45,13.97,66208,0.0,0.0,0.0,0.0,0.0
2005-01-10 16:00:00-05:00,13.9,14.43,13.7,14.42,69089,0.0,0.0,0.0,0.0,0.0
2005-01-11 16:00:00-05:00,14.79,14.9,14.43,14.53,76278,0.0,0.0,0.0,0.0,0.0
2005-01-12 16:00:00-05:00,14.53,14.57,13.89,14.04,37248,0.0,0.0,0.0,0.0,0.0
2005-01-13 16:00:00-05:00,14.5,14.89,14.45,14.67,87703,0.0,0.0,0.0,0.0,0.0
2005-01-14 16:00:00-05:00,14.85,15.05,14.63,14.94,42742,0.0,0.0,0.0,0.0,0.0
2005-01-18 16:00:00-05:00,14.8,15.7,14.8,15.44,88163,0.0,0.0,0.0,0.0,0.0
2005-01-19 16:00:00-05:00,15.5,15.59,15.13,15.41,111997,0.0,0.0,0.0,0.0,0.0
2005-01-20 16:00:00-05:00,15.11,15.72,15.11,15.53,63328,0.0,0.0,0.0,0.0,0.0
2005-01-21 16:00:00-05:00,15.65,15.919,15.3,15.77,81741,0.0,0.0,0.0,0.0,0.0
2005-01-24 16:00:00-05:00,15.83,15.93,14.8,14.95,223103,0.0,0.0,0.0,0.0,0.0
2005-01-25 16:00:00-05:00,15.3,15.6,14.95,15.39,85682,0.0,0.0,0.0,0.0,0.0
2005-01-26 16:00:00-05:00,15.4,15.61,15.28,15.55,76613,0.0,0.0,0.0,0.0,0.0
2005-01-27 16:00:00-05:00,15.61,15.93,15.4,15.86,63186,0.0,0.0,0.0,0.0,0.0
2005-01-28 16:00:00-05:00,15.69,15.71,15.45,15.69,71729,0.0,0.0,0.0,0.0,0.0
2005-01-31 16:00:00-05:00,15.4,15.69,15.33,15.49,60413,0.0,0.0,0.0,0.0,0.0
2005-02-01 16:00:00-05:00,15.4,15.75,15.33,15.5,46952,0.0,0.0,0.0,0.0,0.0
2005-02-02 16:00:00-05:00,15.65,15.66,15.34,15.44,99828,0.0,0.0,0.0,0.0,0.0
2005-02-03 16:00:00-05:00,15.65,15.65,15.06,15.15,154218,0.0,0.0,0.0,0.0,0.0
2005-02-04 16:00:00-05:00,15.55,15.75,15.294,15.59,81818,0.0,0.0,0.0,0.0,0.0
2005-02-07 16:00:00-05:00,15.75,15.79,15.616,15.69,42158,0.0,0.0,0.0,0.0,0.0
2005-02-08 16:00:00-05:00,15.68,15.91,15.54,15.91,51090,0.0,0.0,0.0,0.0,0.0
2005-02-09 16:00:00-05:00,15.56,16.22,15.56,15.85,74585,0.0,0.0,0.0,0.0,0.0
2005-02-10 16:00:00-05:00,16.21,16.21,15.8,15.98,23163,0.0,0.0,0.0,0.0,0.0
2005-02-11 16:00:00-05:00,15.88,16.25,15.75,16.1,28390,0.0,0.0,0.0,0.0,0.0
2005-02-14 16:00:00-05:00,15.85,16.13,15.82,16.11,28949,0.0,0.0,0.0,0.0,0.0
2005-02-15 16:00:00-05:00,15.9,16.37,15.9,16.31,55041,0.0,0.0,0.0,0.0,0.0
2005-02-16 16:00:00-05:00,16.15,16.4,16.15,16.35,71043,0.0,0.0,0.0,0.0,0.0
2005-02-17 16:00:00-05:00,16.27,16.34,16.09,16.13,6563,0.0,0.0,0.0,0.0,0.0
2005-02-18 16:00:00-05:00,16.34,16.34,15.37,15.49,29099,0.0,0.0,0.0,0.0,0.0
2005-02-22 16:00:00-05:00,15.5,15.74,15.25,15.5,37849,0.0,0.0,0.0,0.0,0.0
2005-02-23 16:00:00-05:00,15.81,16.05,15.55,15.8,63048,0.0,0.0,0.0,0.0,0.0
2005-02-24 16:00:00-05:00,15.8,16.3,15.6,16.13,43142,0.0,0.0,0.0,0.0,0.0
2005-02-25 16:00:00-05:00,16.13,16.31,16.02,16.25,91216,0.0,0.0,0.0,0.0,0.0
2005-02-28 16:00:00-05:00,16.36,16.36,16.09,16.15,53207,0.0,0.0,0.0,0.0,0.0
2005-03-01 16:00:00-05:00,16.32,16.5,16.23,16.46,69820,0.0,0.0,0.0,0.0,0.0
2005-03-02 16:00:00-05:00,16.24,16.573,16.2,16.39,39758,0.0,0.0,0.0,0.0,0.0
2005-03-03 16:00:00-05:00,16.12,16.507,15.87,16.26,49798,0.0,0.0,0.0,0.0,0.0
2005-03-04 16:00:00-05:00,16.5,16.53,16.26,16.46,11319,0.0,0.0,0.0,0.0,0.0
2005-03-07 16:00:00-05:00,16.18,16.96,16.18,16.85,99008,0.0,0.0,0.0,0.0,0.0
2005-03-08 16:00:00-05:00,16.98,17.07,16.82,16.93,74253,0.0,0.0,0.0,0.0,0.0
2005-03-09 16:00:00-05:00,17.0,17.0,16.75,16.91,50364,0.0,0.0,0.0,0.0,0.0
2005-03-10 16:00:00-05:00,16.82,16.94,16.42,16.48,42370,0.0,0.0,0.0,0.0,0.0
2005-03-11 16:00:00-05:00,16.42,17.06,16.4,17.01,136545,0.0,0.0,0.0,0.0,0.0
2005-03-14 16:00:00-05:00,17.03,18.07,17.03,18.0,243366,0.0,0.0,0.0,0.0,0.0
2005-03-15 16:00:00-05:00,18.25,19.84,18.15,19.5,466460,0.0,0.0,0.0,0.0,0.0
2005-03-16 16:00:00-05:00,19.49,19.9,19.0,19.7,232077,0.0,0.0,0.0,0.0,0.0
2005-03-17 16:00:00-05:00,19.42,19.76,19.42,19.64,120015,0.0,0.0,0.0,0.0,0.0
2005-03-18 16:00:00-05:00,19.6,19.65,19.26,19.57,279005,0.0,0.0,0.0,0.0,0.0
2005-03-21 16:00:00-05:00,19.65,19.83,19.4,19.79,61637,0.0,0.0,0.0,0.0,0.0
2005-03-22 16:00:00-05:00,19.61,20.25,19.46,20.0,130898,0.0,0.0,0.0,0.0,0.0
2005-03-23 16:00:00-05:00,20.0,20.0,19.25,19.8,69173,0.0,0.0,0.0,0.0,0.0
2005-03-24 16:00:00-05:00,19.9,19.9,19.52,19.561,51426,0.0,0.0,0.0,0.0,0.0
2005-03-28 16:00:00-05:00,19.5,19.64,19.38,19.45,71107,0.0,0.0,0.0,0.0,0.0
2005-03-29 16:00:00-05:00,19.35,19.46,19.04,19.1,126776,0.0,0.0,0.0,0.0,0.0
2005-03-30 16:00:00-05:00,19.0,19.51,18.8,19.4,69330,0.0,0.0,0.0,0.0,0.0
2005-03-31 16:00:00-05:00,19.5,19.5,19.08,19.39,68062,0.0,0.0,0.0,0.0,0.0
2005-04-01 16:00:00-05:00,19.5,19.5,19.02,19.42,159053,0.0,0.0,0.0,0.0,0.0
2005-04-04 16:00:00-04:00,19.1,19.23,18.65,19.13,96550,0.0,0.0,0.0,0.0,0.0
2005-04-05 16:00:00-04:00,19.12,19.51,19.01,19.44,158483,0.0,0.0,0.0,0.0,0.0
2005-04-06 16:00:00-04:00,19.5,19.5,19.26,19.35,40328,0.0,0.0,0.0,0.0,0.0
2005-04-07 16:00:00-04:00,19.4,19.45,19.13,19.25,96144,0.0,0.0,0.0,0.0,0.0
2005-04-08 16:00:00-04:00,19.3,19.32,18.817,19.0,69460,0.0,0.0,0.0,0.0,0.0
2005-04-11 16:00:00-04:00,19.48,19.48,18.72,19.1,110419,0.0,0.0,0.0,0.0,0.0
2005-04-12 16:00:00-04:00,18.96,19.08,18.8,18.99,157090,0.0,0.0,0.0,0.0,0.0
2005-04-13 16:00:00-04:00,18.99,19.09,18.72,18.83,59649,0.0,0.0,0.0,0.0,0.0
2005-04-14 16:00:00-04:00,19.15,19.15,18.07,18.4,100081,0.0,0.0,0.0,0.0,0.0
2005-04-15 16:00:00-04:00,18.45,18.64,18.06,18.36,63538,0.0,0.0,0.0,0.0,0.0
2005-04-18 16:00:00-04:00,18.55,18.55,18.12,18.35,48706,0.0,0.0,0.0,0.0,0.0
2005-04-19 16:00:00-04:00,18.57,18.6,18.13,18.46,45006,0.0,0.0,0.0,0.0,0.0
2005-04-20 16:00:00-04:00,18.61,18.62,18.12,18.21,68370,0.0,0.0,0.0,0.0,0.0
2005-04-21 16:00:00-04:00,18.15,18.5,18.1,18.33,66882,0.0,0.0,0.0,0.0,0.0
2005-04-22 16:00:00-04:00,18.29,18.3,18.0,18.28,42378,0.0,0.0,0.0,0.0,0.0
2005-04-25 16:00:00-04:00,18.5,18.74,18.34,18.57,46816,0.0,0.0,0.0,0.0,0.0
2005-04-26 16:00:00-04:00,18.7,18.7,18.17,18.4,104974,0.0,0.0,0.0,0.0,0.0
2005-04-27 16:00:00-04:00,18.31,18.31,18.05,18.2,58706,0.0,0.0,0.0,0.0,0.0
2005-04-28 16:00:00-04:00,18.3,18.3,18.13,18.25,286289,0.0,0.0,0.0,0.0,0.0
2005-04-29 16:00:00-04:00,18.2,18.33,17.25,17.65,269265,0.0,0.0,0.0,0.0,0.0
2005-05-02 16:00:00-04:00,17.56,18.04,17.53,17.96,93026,0.0,0.0,0.0,0.0,0.0
2005-05-03 16:00:00-04:00,18.09,18.09,17.85,17.97,93088,0.0,0.0,0.0,0.0,0.0
2005-05-04 16:00:00-04:00,18.1,18.3,17.95,18.14,52348,0.0,0.0,0.0,0.0,0.0
2005-05-05 16:00:00-04:00,18.13,18.32,18.04,18.21,42529,0.0,0.0,0.0,0.0,0.0
2005-05-06 16:00:00-04:00,18.3,18.49,18.01,18.14,49300,0.0,0.0,0.0,0.0,0.0
2005-05-09 16:00:00-04:00,18.15,18.57,18.05,18.57,33871,0.0,0.0,0.0,0.0,0.0
2005-05-10 16:00:00-04:00,18.28,18.58,18.18,18.55,76621,0.0,0.0,0.0,0.0,0.0
2005-05-11 16:00:00-04:00,18.6,18.75,18.4,18.5,71178,0.0,0.0,0.0,0.0,0.0
2005-05-12 16:00:00-04:00,18.6,18.6,18.38,18.5,68062,0.0,0.0,0.0,0.0,0.0
2005-05-13 16:00:00-04:00,18.49,18.58,18.36,18.5,36711,0.0,0.0,0.0,0.0,0.0
2005-05-16 16:00:00-04:00,18.28,18.6,18.28,18.53,25763,0.0,0.0,0.0,0.0,0.0
2005-05-17 16:00:00-04:00,18.45,18.5,18.3,18.4,32862,0.0,0.0,0.0,0.0,0.0
2005-05-18 16:00:00-04:00,18.59,18.6,18.34,18.41,78112,0.0,0.0,0.0,0.0,0.0
2005-05-19 16:00:00-04:00,18.23,18.54,18.22,18.5,37763,0.0,0.0,0.0,0.0,0.0
2005-05-20 16:00:00-04:00,18.3,18.55,17.95,18.15,105799,0.0,0.0,0.0,0.0,0.0
2005-05-23 16:00:00-04:00,18.15,18.15,17.98,18.05,118651,0.0,0.0,0.0,0.0,0.0
2005-05-24 16:00:00-04:00,18.12,18.23,17.99,18.05,48679,0.0,0.0,0.0,0.0,0.0
2005-05-25 16:00:00-04:00,17.95,18.18,17.95,18.0,155587,0.0,0.0,0.0,0.0,0.0
2005-05-26 16:00:00-04:00,18.01,18.27,18.0,18.08,120577,0.0,0.0,0.0,0.0,0.0
2005-05-27 16:00:00-04:00,18.0,18.6,18.0,18.38,45147,0.0,0.0,0.0,0.0,0.0
2005-05-31 16:00:00-04:00,18.48,18.9,18.4,18.4,88786,0.0,0.0,0.0,0.0,0.0
2005-06-01 16:00:00-04:00,18.57,19.5,18.36,19.49,77386,0.0,0.0,0.0,0.0,0.0
2005-06-02 16:00:00-04:00,19.74,19.82,19.51,19.75,64900,0.0,0.0,0.0,0.0,0.0
2005-06-03 16:00:00-04:00,19.65,19.95,19.65,19.8293,136469,0.0,0.0,0.0,0.0,0.0
2005-06-06 16:00:00-04:00,19.85,19.95,19.58,19.83,46796,0.0,0.0,0.0,0.0,0.0
2005-06-07 16:00:00-04:00,19.95,21.14,19.91,20.69,157503,0.0,0.0,0.0,0.0,0.0
2005-06-08 16:00:00-04:00,20.74,21.18,20.42,21.07,97572,0.0,0.0,0.0,0.0,0.0
2005-06-09 16:00:00-04:00,21.1,21.25,20.84,21.17,78741,0.0,0.0,0.0,0.0,0.0
2005-06-10 16:00:00-04:00,21.0,21.36,20.98,21.24,187596,0.0,0.0,0.0,0.0,0.0
2005-06-13 16:00:00-04:00,21.31,21.61,21.01,21.59,63754,0.0,0.0,0.0,0.0,0.0
2005-06-14 16:00:00-04:00,21.43,22.02,21.43,22.01,101851,0.0,0.0,0.0,0.0,0.0
2005-06-15 16:00:00-04:00,22.05,22.61,21.82,22.1,260611,0.0,0.0,0.0,0.0,0.0
2005-06-16 16:00:00-04:00,22.16,22.25,21.68,22.25,86027,0.0,0.0,0.0,0.0,0.0
2005-06-17 16:00:00-04:00,22.25,22.25,21.95,21.95,77154,0.0,0.0,0.0,0.0,0.0
2005-06-20 16:00:00-04:00,22.0,22.0,21.75,21.79,29667,0.0,0.0,0.0,0.0,0.0
2005-06-21 16:00:00-04:00,20.35,20.89,20.22,20.65,195422,0.0,0.0,0.0,0.0,0.0
2005-06-22 16:00:00-04:00,20.68,20.93,20.53,20.74,139134,0.0,0.0,0.0,0.0,0.0
2005-06-23 16:00:00-04:00,20.57,20.74,19.81,19.85,78312,0.0,0.0,0.0,0.0,0.0
2005-06-24 16:00:00-04:00,19.85,19.85,19.23,19.51,183860,0.0,0.0,0.0,0.0,0.0
2005-06-27 16:00:00-04:00,19.5,19.88,19.29,19.38,79178,0.0,0.0,0.0,0.0,0.0
2005-06-28 16:00:00-04:00,19.58,19.66,19.32,19.55,82417,0.0,0.0,0.0,0.0,0.0
2005-06-29 16:00:00-04:00,19.62,20.17,19.37,19.96,56423,0.0,0.0,0.0,0.0,0.0
2005-06-30 16:00:00-04:00,20.03,20.71,19.95,20.34,64389,0.0,0.0,0.0,0.0,0.0
2005-07-01 16:00:00-04:00,20.49,20.55,20.17,20.48,57747,0.0,0.0,0.0,0.0,0.0
2005-07-05 16:00:00-04:00,20.52,20.75,20.28,20.69,67129,0.0,0.0,0.0,0.0,0.0
2005-07-06 16:00:00-04:00,20.74,20.74,20.0,20.05,44196,0.0,0.0,0.0,0.0,0.0
2005-07-07 16:00:00-04:00,20.0,20.23,20.0,20.07,50591,0.0,0.0,0.0,0.0,0.0
2005-07-08 16:00:00-04:00,20.12,20.89,20.0,20.63,56618,0.0,0.0,0.0,0.0,0.0
2005-07-11 16:00:00-04:00,20.39,21.1,20.39,20.89,36323,0.0,0.0,0.0,0.0,0.0
2005-07-12 16:00:00-04:00,20.91,21.53,20.86,20.97,54432,0.0,0.0,0.0,0.0,0.0
2005-07-13 16:00:00-04:00,21.15,21.47,21.06,21.45,345643,0.0,0.0,0.0,0.0,0.0
2005-07-14 16:00:00-04:00,21.57,22.5,21.52,22.045,81608,0.0,0.0,0.0,0.0,0.0
2005-07-15 16:00:00-04:00,21.95,22.31,21.91,22.14,41210,0.0,0.0,0.0,0.0,0.0
2005-07-18 16:00:00-04:00,22.16,22.66,22.02,22.66,62411,0.0,0.0,0.0,0.0,0.0
2005-07-19 16:00:00-04:00,22.5,23.371,22.5,23.19,106030,0.0,0.0,0.0,0.0,0.0
2005-07-20 16:00:00-04:00,23.09,23.62,23.01,23.62,149876,0.0,0.0,0.0,0.0,0.0
2005-07-21 16:00:00-04:00,23.62,23.62,22.75,23.19,65487,0.0,0.0,0.0,0.0,0.0
2005-07-22 16:00:00-04:00,23.05,23.97,23.02,23.97,42273,0.0,0.0,0.0,0.0,0.0
2005-07-25 16:00:00-04:00,21.73,22.91,21.73,22.4,159690,0.0,0.0,0.0,0.0,0.0
2005-07-26 16:00:00-04:00,22.72,22.86,21.61,22.84,102619,0.0,0.0,0.0,0.0,0.0
2005-07-27 16:00:00-04:00,22.67,22.67,21.5,21.74,52184,0.0,0.0,0.0,0.0,0.0
2005-07-28 16:00:00-04:00,22.11,24.21,22.03,24.16,190567,0.0,0.0,0.0,0.0,0.0
2005-07-29 16:00:00-04:00,24.17,24.5,23.85,24.26,97726,0.0,0.0,0.0,0.0,0.0
2005-08-01 16:00:00-04:00,24.1,24.5,23.91,24.11,70214,0.0,0.0,0.0,0.0,0.0
2005-08-02 16:00:00-04:00,23.99,24.25,23.5,23.98,161236,0.0,0.0,0.0,0.0,0.0
2005-08-03 16:00:00-04:00,23.92,23.92,23.31,23.5,29782,0.0,0.0,0.0,0.0,0.0
2005-08-04 16:00:00-04:00,23.5,23.69,23.0,23.49,65988,0.0,0.0,0.0,0.0,0.0
2005-08-05 16:00:00-04:00,23.41,23.74,23.04,23.04,66442,0.0,0.0,0.0,0.0,0.0
2005-08-08 16:00:00-04:00,23.2,23.49,23.12,23.47,60687,0.0,0.0,0.0,0.0,0.0
2005-08-09 16:00:00-04:00,23.24,23.32,22.9,22.95,152162,0.0,0.0,0.0,0.0,0.0
2005-08-10 16:00:00-04:00,23.05,23.19,22.71,23.01,53882,0.0,0.0,0.0,0.0,0.0
2005-08-11 16:00:00-04:00,23.02,23.05,22.53,23.05,61379,0.0,0.0,0.0,0.0,0.0
2005-08-12 16:00:00-04:00,22.93,22.93,22.5,22.565,29238,0.0,0.0,0.0,0.0,0.0
2005-08-15 16:00:00-04:00,22.7,22.92,22.2,22.92,54471,0.0,0.0,0.0,0.0,0.0
2005-08-16 16:00:00-04:00,22.84,23.04,22.39,22.52,69148,0.0,0.0,0.0,0.0,0.0
2005-08-17 16:00:00-04:00,22.39,22.96,22.39,22.68,36836,0.0,0.0,0.0,0.0,0.0
2005-08-18 16:00:00-04:00,22.59,23.12,22.4,22.67,54869,0.0,0.0,0.0,0.0,0.0
2005-08-19 16:00:00-04:00,22.57,22.9,22.51,22.64,17601,0.0,0.0,0.0,0.0,0.0
2005-08-22 16:00:00-04:00,22.85,22.85,22.16,22.25,93979,0.0,0.0,0.0,0.0,0.0
2005-08-23 16:00:00-04:00,22.26,22.3,21.98,22.02,52203,0.0,0.0,0.0,0.0,0.0
2005-08-24 16:00:00-04:00,22.03,22.03,20.25,20.57,312859,0.0,0.0,0.0,0.0,0.0
2005-08-25 16:00:00-04:00,20.72,21.29,20.69,21.21,81289,0.0,0.0,0.0,0.0,0.0
2005-08-26 16:00:00-04:00,21.32,21.33,20.45,20.6,32860,0.0,0.0,0.0,0.0,0.0
2005-08-29 16:00:00-04:00,20.83,21.07,20.45,21.0,45050,0.0,0.0,0.0,0.0,0.0
2005-08-30 16:00:00-04:00,21.0,21.29,20.71,21.0,158511,0.0,0.0,0.0,0.0,0.0
2005-08-31 16:00:00-04:00,21.11,21.38,20.94,21.29,55244,0.0,0.0,0.0,0.0,0.0
2005-09-01 16:00:00-04:00,21.28,21.31,20.47,21.0,139627,0.0,0.0,0.0,0.0,0.0
2005-09-02 16:00:00-04:00,20.99,20.99,20.61,20.74,141396,0.0,0.0,0.0,0.0,0.0
2005-09-06 16:00:00-04:00,20.83,20.99,20.5,20.74,204171,0.0,0.0,0.0,0.0,0.0
2005-09-07 16:00:00-04:00,20.77,20.99,20.7,20.9,172969,0.0,0.0,0.0,0.0,0.0
2005-09-08 16:00:00-04:00,20.8,20.8,19.66,19.82,162221,0.0,0.0,0.0,0.0,0.0
2005-09-09 16:00:00-04:00,19.83,20.08,19.42,19.85,113659,0.0,0.0,0.0,0.0,0.0
2005-09-12 16:00:00-04:00,20.05,21.11,19.86,21.07,166240,0.0,0.0,0.0,0.0,0.0
2005-09-13 16:00:00-04:00,21.07,21.48,20.72,21.03,78172,0.0,0.0,0.0,0.0,0.0
2005-09-14 16:00:00-04:00,21.02,21.14,20.61,20.65,66305,0.0,0.0,0.0,0.0,0.0
2005-09-15 16:00:00-04:00,20.66,20.76,19.92,20.07,76350,0.0,0.0,0.0,0.0,0.0
2005-09-16 16:00:00-04:00,20.23,21.19,19.99,21.0,134024,0.0,0.0,0.0,0.0,0.0
2005-09-19 16:00:00-04:00,20.93,20.96,19.97,20.16,56651,0.0,0.0,0.0,0.0,0.0
2005-09-20 16:00:00-04:00,20.22,20.39,19.85,19.91,61723,0.0,0.0,0.0,0.0,0.0
2005-09-21 16:00:00-04:00,19.85,20.0,19.5,19.51,73903,0.0,0.0,0.0,0.0,0.0
2005-09-22 16:00:00-04:00,19.74,19.74,18.94,19.25,115124,0.0,0.0,0.0,0.0,0.0
2005-09-23 16:00:00-04:00,19.14,19.39,18.9,19.11,96135,0.0,0.0,0.0,0.0,0.0
2005-09-26 16:00:00-04:00,19.37,20.58,19.37,20.14,107950,0.0,0.0,0.0,0.0,0.0
2005-09-27 16:00:00-04:00,19.99,20.2,19.56,19.9,90240,0.0,0.0,0.0,0.0,0.0
2005-09-28 16:00:00-04:00,19.73,19.9,19.2,19.37,89350,0.0,0.0,0.0,0.0,0.0
2005-09-29 16:00:00-04:00,19.45,20.12,19.2,20.04,121563,0.0,0.0,0.0,0.0,0.0
2005-09-30 16:00:00-04:00,20.18,20.63,20.0,20.43,76267,0.0,0.0,0.0,0.0,0.0
2005-10-03 16:00:00-04:00,20.55,21.74,20.0501,20.32,220048,0.0,0.0,0.0,0.0,0.0
2005-10-04 16:00:00-04:00,20.51,21.08,20.15,20.15,110375,0.0,0.0,0.0,0.0,0.0
2005-10-05 16:00:00-04:00,20.13,20.84,19.78,20.0,157150,0.0,0.0,0.0,0.0,0.0
2005-10-06 16:00:00-04:00,20.24,20.97,19.85,20.62,198044,0.0,0.0,0.0,0.0,0.0
2005-10-07 16:00:00-04:00,20.78,20.78,20.09,20.48,101753,0.0,0.0,0.0,0.0,0.0
2005-10-10 16:00:00-04:00,20.31,20.65,20.09,20.45,123566,0.0,0.0,0.0,0.0,0.0
2005-10-11 16:00:00-04:00,20.32,20.7,20.28,20.3,69751,0.0,0.0,0.0,0.0,0.0
2005-10-12 16:00:00-04:00,20.25,20.39,19.6,19.64,70592,0.0,0.0,0.0,0.0,0.0
2005-10-13 16:00:00-04:00,19.6,19.9,18.9,19.5,138985,0.0,0.0,0.0,0.0,0.0
2005-10-14 16:00:00-04:00,19.72,19.89,19.535,19.77,22705,0.0,0.0,0.0,0.0,0.0
2005-10-17 16:00:00-04:00,19.8,19.89,19.05,19.48,47272,0.0,0.0,0.0,0.0,0.0
2005-10-18 16:00:00-04:00,19.55,19.67,18.9,19.1,56892,0.0,0.0,0.0,0.0,0.0
2005-10-19 16:00:00-04:00,18.96,19.65,18.79,19.6,81140,0.0,0.0,0.0,0.0,0.0
2005-10-20 16:00:00-04:00,19.4,19.6,19.25,19.5,36068,0.0,0.0,0.0,0.0,0.0
2005-10-21 16:00:00-04:00,19.45,20.29,19.45,20.17,45746,0.0,0.0,0.0,0.0,0.0
2005-10-24 16:00:00-04:00,20.36,20.82,20.01,20.72,68297,0.0,0.0,0.0,0.0,0.0
2005-10-25 16:00:00-04:00,20.75,20.96,20.56,20.81,84184,0.0,0.0,0.0,0.0,0.0
2005-10-26 16:00:00-04:00,20.71,21.26,20.46,20.65,126600,0.0,0.0,0.0,0.0,0.0
2005-10-27 16:00:00-04:00,20.44,20.77,19.46,19.93,56342,0.0,0.0,0.0,0.0,0.0
2005-10-28 16:00:00-04:00,20.0,21.75,20.0,21.14,196567,0.0,0.0,0.0,0.0,0.0
2005-10-31 16:00:00-05:00,21.19,21.87,21.18,21.7,253879,0.0,0.0,0.0,0.0,0.0
2005-11-01 16:00:00-05:00,21.55,22.37,21.31,22.01,95441,0.0,0.0,0.0,0.0,0.0
2005-11-02 16:00:00-05:00,22.12,22.33,21.9,22.08,53910,0.0,0.0,0.0,0.0,0.0
2005-11-03 16:00:00-05:00,22.25,23.04,21.97,22.09,108273,0.0,0.0,0.0,0.0,0.0
2005-11-04 16:00:00-05:00,22.13,22.14,21.65,21.68,72331,0.0,0.0,0.0,0.0,0.0
2005-11-07 16:00:00-05:00,22.0,22.38,21.63,22.28,69208,0.0,0.0,0.0,0.0,0.0
2005-11-08 16:00:00-05:00,22.32,22.33,21.8,22.01,44815,0.0,0.0,0.0,0.0,0.0
2005-11-09 16:00:00-05:00,22.22,22.55,22.13,22.39,31271,0.0,0.0,0.0,0.0,0.0
2005-11-10 16:00:00-05:00,22.5,22.8,21.83,22.59,37511,0.0,0.0,0.0,0.0,0.0
2005-11-11 16:00:00-05:00,22.48,23.36,22.48,23.26,113461,0.0,0.0,0.0,0.0,0.0
2005-11-14 16:00:00-05:00,23.31,23.31,23.11,23.21,42636,0.0,0.0,0.0,0.0,0.0
2005-11-15 16:00:00-05:00,23.07,23.2,21.95,22.01,59434,0.0,0.0,0.0,0.0,0.0
2005-11-16 16:00:00-05:00,21.81,21.87,21.2,21.31,29314,0.0,0.0,0.0,0.0,0.0
2005-11-17 16:00:00-05:00,21.64,22.88,21.64,22.88,45187,0.0,0.0,0.0,0.0,0.0
2005-11-18 16:00:00-05:00,23.09,23.35,22.81,23.29,74016,0.0,0.0,0.0,0.0,0.0
2005-11-21 16:00:00-05:00,23.4,23.4,22.74,23.01,39239,0.0,0.0,0.0,0.0,0.0
2005-11-22 16:00:00-05:00,22.9,23.58,22.72,23.53,42110,0.0,0.0,0.0,0.0,0.0
2005-11-23 16:00:00-05:00,23.42,23.56,23.3,23.39,15741,0.0,0.0,0.0,0.0,0.0
2005-11-25 16:00:00-05:00,23.52,23.75,23.21,23.65,7870,0.0,0.0,0.0,0.0,0.0
2005-11-28 16:00:00-05:00,23.46,23.77,23.22,23.44,87196,0.0,0.0,0.0,0.0,0.0
2005-11-29 16:00:00-05:00,23.58,23.75,23.25,23.63,62872,0.0,0.0,0.0,0.0,0.0
2005-11-30 16:00:00-05:00,23.5,23.75,23.23,23.74,31478,0.0,0.0,0.0,0.0,0.0
2005-12-01 16:00:00-05:00,23.75,24.75,23.56,23.69,156286,0.0,0.0,0.0,0.0,0.0
2005-12-02 16:00:00-05:00,23.87,23.87,23.51,23.75,25449,0.0,0.0,0.0,0.0,0.0
2005-12-05 16:00:00-05:00,23.75,23.75,23.35,23.38,35789,0.0,0.0,0.0,0.0,0.0
2005-12-06 16:00:00-05:00,23.38,23.69,23.34,23.34,100356,0.0,0.0,0.0,0.0,0.0
2005-12-07 16:00:00-05:00,23.23,23.6,23.11,23.52,44514,0.0,0.0,0.0,0.0,0.0
2005-12-08 16:00:00-05:00,23.36,23.73,23.36,23.73,50024,0.0,0.0,0.0,0.0,0.0
2005-12-09 16:00:00-05:00,23.75,23.9,23.57,23.74,37431,0.0,0.0,0.0,0.0,0.0
2005-12-12 16:00:00-05:00,23.98,24.25,23.76,24.16,110620,0.0,0.0,0.0,0.0,0.0
2005-12-13 16:00:00-05:00,24.09,24.44,24.0,24.35,142396,0.0,0.0,0.0,0.0,0.0
2005-12-14 16:00:00-05:00,24.4,24.81,24.4,24.5,86240,0.0,0.0,0.0,0.0,0.0
2005-12-15 16:00:00-05:00,24.76,24.8,23.83,24.19,46059,0.0,0.0,0.0,0.0,0.0
2005-12-16 16:00:00-05:00,24.0,24.23,23.75,24.0,124555,0.0,0.0,0.0,0.0,0.0
2005-12-19 16:00:00-05:00,23.9,23.9,22.26,22.41,103298,0.0,0.0,0.0,0.0,0.0
2005-12-20 16:00:00-05:00,22.5,23.14,22.49,23.04,76832,0.0,0.0,0.0,0.0,0.0
2005-12-21 16:00:00-05:00,22.91,23.27,22.91,23.09,27693,0.0,0.0,0.0,0.0,0.0
2005-12-22 16:00:00-05:00,23.3,23.47,23.0,23.47,27300,0.0,0.0,0.0,0.0,0.0
2005-12-23 16:00:00-05:00,23.475,23.58,23.08,23.44,26647,0.0,0.0,0.0,0.0,0.0
2005-12-27 16:00:00-05:00,23.71,23.81,23.04,23.4,43884,0.0,0.0,0.0,0.0,0.0
2005-12-28 16:00:00-05:00,23.8,23.84,23.36,23.68,32954,0.0,0.0,0.0,0.0,0.0
2005-12-29 16:00:00-05:00,23.5,23.82,23.29,23.29,13972,0.0,0.0,0.0,0.0,0.0
2005-12-30 16:00:00-05:00,23.17,23.23,22.79,22.86,35398,0.0,0.0,0.0,0.0,0.0
2006-01-03 16:00:00-05:00,22.75,23.12,22.27,23.07,41945,0.0,0.0,0.0,0.0,0.0
2006-01-04 16:00:00-05:00,23.01,24.07,22.99,24.0,146704,0.0,0.0,0.0,0.0,0.0
2006-01-05 16:00:00-05:00,24.19,24.4499,23.91,24.25,95573,0.0,0.0,0.0,0.0,0.0
2006-01-06 16:00:00-05:00,24.39,24.42,24.01,24.3,198200,0.0,0.0,0.0,0.0,0.0
2006-01-09 16:00:00-05:00,24.4,24.5,24.2,24.26,173136,0.0,0.0,0.0,0.0,0.0
2006-01-10 16:00:00-05:00,24.4,24.45,24.17,24.25,152704,0.0,0.0,0.0,0.0,0.0
2006-01-11 16:00:00-05:00,24.2,24.25,23.95,24.11,85775,0.0,0.0,0.0,0.0,0.0
2006-01-12 16:00:00-05:00,24.02,24.49,23.96,24.24,86168,0.0,0.0,0.0,0.0,0.0
2006-01-13 16:00:00-05:00,24.19,24.3,23.81,23.94,19401,0.0,0.0,0.0,0.0,0.0
2006-01-17 16:00:00-05:00,23.79,24.01,23.42,23.61,41684,0.0,0.0,0.0,0.0,0.0
2006-01-18 16:00:00-05:00,23.47,23.74,23.43,23.53,42047,0.0,0.0,0.0,0.0,0.0
2006-01-19 16:00:00-05:00,23.71,24.4,23.51,24.4,45797,0.0,0.0,0.0,0.0,0.0
2006-01-20 16:00:00-05:00,24.4,24.6,24.18,24.51,35043,0.0,0.0,0.0,0.0,0.0
2006-01-23 16:00:00-05:00,24.62,24.82,24.15,24.72,24473,0.0,0.0,0.0,0.0,0.0
2006-01-24 16:00:00-05:00,24.78,24.79,24.44,24.71,32462,0.0,0.0,0.0,0.0,0.0
2006-01-25 16:00:00-05:00,24.71,25.01,24.51,25.0,31246,0.0,0.0,0.0,0.0,0.0
2006-01-26 16:00:00-05:00,25.05,25.27,24.99,25.07,66576,0.0,0.0,0.0,0.0,0.0
2006-01-27 16:00:00-05:00,24.95,25.25,24.72,25.14,39061,0.0,0.0,0.0,0.0,0.0
2006-01-30 16:00:00-05:00,25.09,25.16,24.94,25.16,34378,0.0,0.0,0.0,0.0,0.0
2006-01-31 16:00:00-05:00,25.01,25.5,24.98,25.28,108429,0.0,0.0,0.0,0.0,0.0
2006-02-01 16:00:00-05:00,25.25,25.47,25.16,25.31,135656,0.0,0.0,0.0,0.0,0.0
2006-02-02 16:00:00-05:00,25.46,25.97,25.09,25.96,117355,0.0,0.0,0.0,0.0,0.0
2006-02-03 16:00:00-05:00,25.91,27.4,25.63,27.19,112439,0.0,0.0,0.0,0.0,0.0
2006-02-06 16:00:00-05:00,27.16,27.16,25.99,25.99,55846,0.0,0.0,0.0,0.0,0.0
2006-02-07 16:00:00-05:00,25.9,26.0,25.23,25.39,47949,0.0,0.0,0.0,0.0,0.0
2006-02-08 16:00:00-05:00,25.32,26.07,25.32,26.0,38017,0.0,0.0,0.0,0.0,0.0
2006-02-09 16:00:00-05:00,25.89,26.1336,25.62,25.62,22932,0.0,0.0,0.0,0.0,0.0
2006-02-10 16:00:00-05:00,25.65,26.03,25.3605,25.94,28980,0.0,0.0,0.0,0.0,0.0
2006-02-13 16:00:00-05:00,25.95,25.95,25.48,25.48,44395,0.0,0.0,0.0,0.0,0.0
2006-02-14 16:00:00-05:00,25.5,26.43,25.46,26.25,60746,0.0,0.0,0.0,0.0,0.0
2006-02-15 16:00:00-05:00,26.07,26.37,25.67,26.32,55567,0.0,0.0,0.0,0.0,0.0
2006-02-16 16:00:00-05:00,26.4,26.66,26.25,26.6,34805,0.0,0.0,0.0,0.0,0.0
2006-02-17 16:00:00-05:00,26.75,26.75,26.17,26.63,28604,0.0,0.0,0.0,0.0,0.0
2006-02-21 16:00:00-05:00,26.32,26.62,25.54,25.99,49856,0.0,0.0,0.0,0.0,0.0
2006-02-22 16:00:00-05:00,25.98,26.75,25.86,26.59,61367,0.0,0.0,0.0,0.0,0.0
2006-02-23 16:00:00-05:00,26.52,26.59,26.06,26.23,34520,0.0,0.0,0.0,0.0,0.0
2006-02-24 16:00:00-05:00,26.43,26.89,25.84,26.52,70917,0.0,0.0,0.0,0.0,0.0
2006-02-27 16:00:00-05:00,26.72,26.98,26.35,26.98,43456,0.0,0.0,0.0,0.0,0.0
2006-02-28 16:00:00-05:00,26.97,26.97,25.26,25.39,121109,0.0,0.0,0.0,0.0,0.0
2006-03-01 16:00:00-05:00,25.38,26.13,25.38,26.09,29064,0.0,0.0,0.0,0.0,0.0
2006-03-02 16:00:00-05:00,26.11,26.11,24.76,25.2,64477,0.0,0.0,0.0,0.0,0.0
2006-03-03 16:00:00-05:00,25.08,25.29,24.88,25.03,97801,0.0,0.0,0.0,0.0,0.0
2006-03-06 16:00:00-05:00,25.11,25.11,24.62,24.81,37195,0.0,0.0,0.0,0.0,0.0
2006-03-07 16:00:00-05:00,24.69,24.95,24.29,24.42,35763,0.0,0.0,0.0,0.0,0.0
2006-03-08 16:00:00-05:00,24.34,24.638,24.0,24.17,21011,0.0,0.0,0.0,0.0,0.0
2006-03-09 16:00:00-05:00,24.26,24.63,24.1,24.28,32953,0.0,0.0,0.0,0.0,0.0
2006-03-10 16:00:00-05:00,24.27,24.5,24.1,24.49,30648,0.0,0.0,0.0,0.0,0.0
2006-03-13 16:00:00-05:00,24.5,24.83,24.44,24.61,41108,0.0,0.0,0.0,0.0,0.0
2006-03-14 16:00:00-05:00,24.6,25.26,24.59,24.99,54589,0.0,0.0,0.0,0.0,0.0
2006-03-15 16:00:00-05:00,25.21,25.25,25.0,25.01,155013,0.0,0.0,0.0,0.0,0.0
2006-03-16 16:00:00-05:00,25.25,25.25,24.874,24.99,114733,0.0,0.0,0.0,0.0,0.0
2006-03-17 16:00:00-05:00,24.99,25.88,24.8,25.59,200639,0.0,0.0,0.0,0.0,0.0
2006-03-20 16:00:00-05:00,25.76,26.4,25.6,26.38,49328,0.0,0.0,0.0,0.0,0.0
2006-03-21 16:00:00-05:00,26.27,26.64,25.46,25.49,51387,0.0,0.0,0.0,0.0,0.0
2006-03-22 16:00:00-05:00,25.48,26.4,25.37,26.34,34847,0.0,0.0,0.0,0.0,0.0
2006-03-23 16:00:00-05:00,26.34,26.34,25.69,25.8,31243,0.0,0.0,0.0,0.0,0.0
2006-03-24 16:00:00-05:00,26.18,26.36,25.67,25.93,45864,0.0,0.0,0.0,0.0,0.0
2006-03-27 16:00:00-05:00,25.75,26.34,25.51,25.87,43627,0.0,0.0,0.0,0.0,0.0
2006-03-28 16:00:00-05:00,25.75,26.2,25.75,26.18,26716,0.0,0.0,0.0,0.0,0.0
2006-03-29 16:00:00-05:00,26.3,26.79,25.99,26.73,38294,0.0,0.0,0.0,0.0,0.0
2006-03-30 16:00:00-05:00,26.34,26.75,26.17,26.33,25782,0.0,0.0,0.0,0.0,0.0
2006-03-31 16:00:00-05:00,26.5,27.0,26.32,27.0,56658,0.0,0.0,0.0,0.0,0.0
2006-04-03 16:00:00-04:00,27.0,27.0,26.04,26.33,34841,0.0,0.0,0.0,0.0,0.0
2006-04-04 16:00:00-04:00,26.5,26.74,26.18,26.54,63733,0.0,0.0,0.0,0.0,0.0
2006-04-05 16:00:00-04:00,26.54,26.54,25.75,25.91,116588,0.0,0.0,0.0,0.0,0.0
2006-04-06 16:00:00-04:00,25.81,26.25,25.7,26.22,58969,0.0,0.0,0.0,0.0,0.0
2006-04-07 16:00:00-04:00,26.28,26.42,25.45,25.55,38904,0.0,0.0,0.0,0.0,0.0
2006-04-10 16:00:00-04:00,25.61,26.06,25.54,25.65,19922,0.0,0.0,0.0,0.0,0.0
2006-04-11 16:00:00-04:00,25.7,25.73,25.09,25.52,31353,0.0,0.0,0.0,0.0,0.0
2006-04-12 16:00:00-04:00,25.38,25.6399,25.32,25.53,20035,0.0,0.0,0.0,0.0,0.0
2006-04-13 16:00:00-04:00,25.41,26.13,25.25,26.13,23487,0.0,0.0,0.0,0.0,0.0
2006-04-17 16:00:00-04:00,26.08,26.08,25.017,25.5,60382,0.0,0.0,0.0,0.0,0.0
2006-04-18 16:00:00-04:00,25.42,26.09,24.51,25.88,181446,0.0,0.0,0.0,0.0,0.0
2006-04-19 16:00:00-04:00,25.94,26.44,25.807,26.24,30149,0.0,0.0,0.0,0.0,0.0
2006-04-20 16:00:00-04:00,26.14,26.41,25.61,26.31,29190,0.0,0.0,0.0,0.0,0.0
2006-04-21 16:00:00-04:00,26.31,26.64,25.96,26.39,36463,0.0,0.0,0.0,0.0,0.0
2006-04-24 16:00:00-04:00,26.07,26.24,25.85,25.87,35022,0.0,0.0,0.0,0.0,0.0
2006-04-25 16:00:00-04:00,25.89,25.89,25.21,25.61,34945,0.0,0.0,0.0,0.0,0.0
2006-04-26 16:00:00-04:00,25.82,25.82,24.73,24.96,37603,0.0,0.0,0.0,0.0,0.0
2006-04-27 16:00:00-04:00,24.53,24.98,24.34,24.47,43648,0.0,0.0,0.0,0.0,0.0
2006-04-28 16:00:00-04:00,25.15,26.7,24.8,26.33,100610,0.0,0.0,0.0,0.0,0.0
2006-05-01 16:00:00-04:00,26.42,26.5,25.29,25.325,23909,0.0,0.0,0.0,0.0,0.0
2006-05-02 16:00:00-04:00,25.25,25.6,24.88,25.6,31150,0.0,0.0,0.0,0.0,0.0
2006-05-03 16:00:00-04:00,25.6,25.71,25.22,25.45,16599,0.0,0.0,0.0,0.0,0.0
2006-05-04 16:00:00-04:00,25.26,25.59,25.21,25.54,34524,0.0,0.0,0.0,0.0,0.0
2006-05-05 16:00:00-04:00,25.54,26.41,25.39,26.16,37818,0.0,0.0,0.0,0.0,0.0
2006-05-08 16:00:00-04:00,26.11,26.13,24.9,25.43,89786,0.0,0.0,0.0,0.0,0.0
2006-05-09 16:00:00-04:00,25.37,26.22,25.173,25.99,41569,0.0,0.0,0.0,0.0,0.0
2006-05-10 16:00:00-04:00,25.85,25.85,24.87,25.14,29167,0.0,0.0,0.0,0.0,0.0
2006-05-11 16:00:00-04:00,25.13,25.4,24.43,24.43,65324,0.0,0.0,0.0,0.0,0.0
2006-05-12 16:00:00-04:00,24.4,24.45,23.58,23.94,128110,0.0,0.0,0.0,0.0,0.0
2006-05-15 16:00:00-04:00,23.66,24.43,23.39,23.76,145412,0.0,0.0,0.0,0.0,0.0
2006-05-16 16:00:00-04:00,23.75,24.62,23.67,24.49,56611,0.0,0.0,0.0,0.0,0.0
2006-05-17 16:00:00-04:00,24.2,24.3,23.72,23.85,70346,0.0,0.0,0.0,0.0,0.0
2006-05-18 16:00:00-04:00,24.04,24.1,23.75,23.8,48748,0.0,0.0,0.0,0.0,0.0
2006-05-19 16:00:00-04:00,23.62,24.0,23.5,23.86,83025,0.0,0.0,0.0,0.0,0.0
2006-05-22 16:00:00-04:00,23.63,24.35,23.63,24.19,53201,0.0,0.0,0.0,0.0,0.0
2006-05-23 16:00:00-04:00,24.48,24.76,23.57,23.78,144927,0.0,0.0,0.0,0.0,0.0
2006-05-24 16:00:00-04:00,23.68,25.28,23.47,25.22,209733,0.0,0.0,0.0,0.0,0.0
2006-05-25 16:00:00-04:00,25.26,26.25,25.07,26.24,81776,0.0,0.0,0.0,0.0,0.0
2006-05-26 16:00:00-04:00,26.34,26.47,25.51,26.23,95942,0.0,0.0,0.0,0.0,0.0
2006-05-30 16:00:00-04:00,26.15,26.15,25.22,25.94,66427,0.0,0.0,0.0,0.0,0.0
2006-05-31 16:00:00-04:00,26.02,26.77,25.43,26.66,171253,0.0,0.0,0.0,0.0,0.0
2006-06-01 16:00:00-04:00,26.72,27.42,26.3101,27.33,153106,0.0,0.0,0.0,0.0,0.0
2006-06-02 16:00:00-04:00,26.95,27.5,26.21,26.66,130839,0.0,0.0,0.0,0.0,0.0
2006-06-05 16:00:00-04:00,26.44,26.44,25.04,25.23,145420,0.0,0.0,0.0,0.0,0.0
2006-06-06 16:00:00-04:00,25.37,25.53,24.255,24.52,107495,0.0,0.0,0.0,0.0,0.0
2006-06-07 16:00:00-04:00,24.5,25.0,24.15,24.17,56649,0.0,0.0,0.0,0.0,0.0
2006-06-08 16:00:00-04:00,24.17,24.25,23.5499,24.2,133455,0.0,0.0,0.0,0.0,0.0
2006-06-09 16:00:00-04:00,24.27,24.93,23.67,23.89,41816,0.0,0.0,0.0,0.0,0.0
2006-06-12 16:00:00-04:00,23.99,24.15,23.56,23.62,47903,0.0,0.0,0.0,0.0,0.0
2006-06-13 16:00:00-04:00,23.6,23.89,22.76,22.98,88895,0.0,0.0,0.0,0.0,0.0
2006-06-14 16:00:00-04:00,22.94,23.05,22.57,22.78,70926,0.0,0.0,0.0,0.0,0.0
2006-06-15 16:00:00-04:00,23.05,23.46,22.95,23.08,99147,0.0,0.0,0.0,0.0,0.0
2006-06-16 16:00:00-04:00,22.97,23.25,22.54,22.97,260782,0.0,0.0,0.0,0.0,0.0
2006-06-19 16:00:00-04:00,23.13,23.13,21.55,21.57,115653,0.0,0.0,0.0,0.0,0.0
2006-06-20 16:00:00-04:00,21.66,22.68,21.49,21.51,70581,0.0,0.0,0.0,0.0,0.0
2006-06-21 16:00:00-04:00,21.52,22.23,21.5,21.55,87081,0.0,0.0,0.0,0.0,0.0
2006-06-22 16:00:00-04:00,21.47,21.77,21.08,21.67,58388,0.0,0.0,0.0,0.0,0.0
2006-06-23 16:00:00-04:00,21.56,22.06,21.26,21.64,51299,0.0,0.0,0.0,0.0,0.0
2006-06-26 16:00:00-04:00,21.88,21.88,21.48,21.59,54798,0.0,0.0,0.0,0.0,0.0
2006-06-27 16:00:00-04:00,21.6,21.8,20.96,20.97,63911,0.0,0.0,0.0,0.0,0.0
2006-06-28 16:00:00-04:00,21.06,21.06,19.64,20.3,270071,0.0,0.0,0.0,0.0,0.0
2006-06-29 16:00:00-04:00,20.17,22.0,20.17,21.35,130592,0.0,0.0,0.0,0.0,0.0
2006-06-30 16:00:00-04:00,21.59,22.73,21.52,22.34,175698,0.0,0.0,0.0,0.0,0.0
2006-07-03 16:00:00-04:00,22.1,22.35,22.1,22.35,15335,0.0,0.0,0.0,0.0,0.0
2006-07-05 16:00:00-04:00,22.09,22.92,22.09,22.77,117314,0.0,0.0,0.0,0.0,0.0
2006-07-06 16:00:00-04:00,22.9,23.87,22.62,22.73,137415,0.0,0.0,0.0,0.0,0.0
2006-07-07 16:00:00-04:00,22.59,22.69,21.39,21.4,53398,0.0,0.0,0.0,0.0,0.0
2006-07-10 16:00:00-04:00,21.43,21.8899,21.43,21.75,45117,0.0,0.0,0.0,0.0,0.0
2006-07-11 16:00:00-04:00,21.69,21.69,21.0,21.46,161803,0.0,0.0,0.0,0.0,0.0
2006-07-12 16:00:00-04:00,21.34,21.79,20.69,20.92,119335,0.0,0.0,0.0,0.0,0.0
2006-07-13 16:00:00-04:00,20.72,20.78,19.89,19.95,138805,0.0,0.0,0.0,0.0,0.0
2006-07-14 16:00:00-04:00,20.0,20.11,19.76,20.04,102994,0.0,0.0,0.0,0.0,0.0
2006-07-17 16:00:00-04:00,19.94,20.51,19.88,20.21,50044,0.0,0.0,0.0,0.0,0.0
2006-07-18 16:00:00-04:00,20.5,20.85,20.14,20.29,98701,0.0,0.0,0.0,0.0,0.0
2006-07-19 16:00:00-04:00,20.4,21.23,20.33,21.04,77037,0.0,0.0,0.0,0.0,0.0
2006-07-20 16:00:00-04:00,21.16,21.4,19.96,19.97,133996,0.0,0.0,0.0,0.0,0.0
2006-07-21 16:00:00-04:00,20.16,21.01,19.8,20.21,128164,0.0,0.0,0.0,0.0,0.0
2006-07-24 16:00:00-04:00,20.27,20.65,20.25,20.53,124157,0.0,0.0,0.0,0.0,0.0
2006-07-25 16:00:00-04:00,20.47,20.82,20.38,20.5,75567,0.0,0.0,0.0,0.0,0.0
2006-07-26 16:00:00-04:00,20.6,20.75,19.72,19.72,141478,0.0,0.0,0.0,0.0,0.0
2006-07-27 16:00:00-04:00,20.13,20.24,19.63,19.85,166138,0.0,0.0,0.0,0.0,0.0
2006-07-28 16:00:00-04:00,20.02,20.02,19.2,19.53,141425,0.0,0.0,0.0,0.0,0.0
2006-07-31 16:00:00-04:00,19.47,19.68,19.11,19.13,145806,0.0,0.0,0.0,0.0,0.0
2006-08-01 16:00:00-04:00,19.1,19.25,18.36,18.49,101715,0.0,0.0,0.0,0.0,0.0
2006-08-02 16:00:00-04:00,18.51,18.73,17.8,17.95,195269,0.0,0.0,0.0,0.0,0.0
2006-08-03 16:00:00-04:00,19.02,20.0,18.15,19.9,307831,0.0,0.0,0.0,0.0,0.0
2006-08-04 16:00:00-04:00,20.0,20.33,18.72,18.95,89711,0.0,0.0,0.0,0.0,0.0
2006-08-07 16:00:00-04:00,18.98,19.62,18.58,19.38,64489,0.0,0.0,0.0,0.0,0.0
2006-08-08 16:00:00-04:00,19.44,19.44,18.69,18.75,75328,0.0,0.0,0.0,0.0,0.0
2006-08-09 16:00:00-04:00,18.97,18.97,17.78,17.87,90744,0.0,0.0,0.0,0.0,0.0
2006-08-10 16:00:00-04:00,17.95,18.65,17.68,18.5,83144,0.0,0.0,0.0,0.0,0.0
2006-08-11 16:00:00-04:00,18.38,18.56,17.76,17.77,65659,0.0,0.0,0.0,0.0,0.0
2006-08-14 16:00:00-04:00,17.99,18.18,17.64,17.81,143652,0.0,0.0,0.0,0.0,0.0
2006-08-15 16:00:00-04:00,18.06,19.28,18.0,19.26,113481,0.0,0.0,0.0,0.0,0.0
2006-08-16 16:00:00-04:00,19.55,19.95,19.23,19.65,97377,0.0,0.0,0.0,0.0,0.0
2006-08-17 16:00:00-04:00,19.64,19.72,19.35,19.41,59168,0.0,0.0,0.0,0.0,0.0
2006-08-18 16:00:00-04:00,19.54,19.75,19.11,19.73,43524,0.0,0.0,0.0,0.0,0.0
2006-08-21 16:00:00-04:00,19.56,19.58,19.14,19.23,47615,0.0,0.0,0.0,0.0,0.0
2006-08-22 16:00:00-04:00,19.15,19.43,18.81,18.97,63729,0.0,0.0,0.0,0.0,0.0
2006-08-23 16:00:00-04:00,18.92,19.1,18.02,18.34,147512,0.0,0.0,0.0,0.0,0.0
2006-08-24 16:00:00-04:00,18.36,18.46,17.95,18.33,67162,0.0,0.0,0.0,0.0,0.0
2006-08-25 16:00:00-04:00,18.27,18.48,17.95,18.05,70577,0.0,0.0,0.0,0.0,0.0
2006-08-28 16:00:00-04:00,18.02,18.47,17.87,17.97,132558,0.0,0.0,0.0,0.0,0.0
2006-08-29 16:00:00-04:00,18.0,18.54,17.85,18.33,129662,0.0,0.0,0.0,0.0,0.0
2006-08-30 16:00:00-04:00,18.12,18.89,18.06,18.2,81061,0.0,0.0,0.0,0.0,0.0
2006-08-31 16:00:00-04:00,18.21,18.84,18.21,18.43,107994,0.0,0.0,0.0,0.0,0.0
2006-09-01 16:00:00-04:00,18.61,18.66,18.0,18.57,76904,0.0,0.0,0.0,0.0,0.0
2006-09-05 16:00:00-04:00,18.66,18.7,18.44,18.65,35422,0.0,0.0,0.0,0.0,0.0
2006-09-06 16:00:00-04:00,18.44,18.56,17.69,18.13,159160,0.0,0.0,0.0,0.0,0.0
2006-09-07 16:00:00-04:00,18.08,18.19,17.92,18.08,47409,0.0,0.0,0.0,0.0,0.0
2006-09-08 16:00:00-04:00,18.12,18.19,18.01,18.19,46446,0.0,0.0,0.0,0.0,0.0
2006-09-11 16:00:00-04:00,18.04,18.73,18.04,18.5,43961,0.0,0.0,0.0,0.0,0.0
2006-09-12 16:00:00-04:00,18.57,20.11,18.55,20.11,122764,0.0,0.0,0.0,0.0,0.0
2006-09-13 16:00:00-04:00,20.15,20.36,19.57,20.27,110273,0.0,0.0,0.0,0.0,0.0
2006-09-14 16:00:00-04:00,20.85,22.11,20.4015,21.97,203461,0.0,0.0,0.0,0.0,0.0
2006-09-15 16:00:00-04:00,22.19,23.61,21.77,22.08,241068,0.0,0.0,0.0,0.0,0.0
2006-09-18 16:00:00-04:00,21.95,21.95,21.23,21.6,86309,0.0,0.0,0.0,0.0,0.0
2006-09-19 16:00:00-04:00,21.6,21.6,20.82,21.34,81161,0.0,0.0,0.0,0.0,0.0
2006-09-20 16:00:00-04:00,21.42,22.35,21.24,22.27,75394,0.0,0.0,0.0,0.0,0.0
2006-09-21 16:00:00-04:00,22.33,22.86,21.67,22.75,100003,0.0,0.0,0.0,0.0,0.0
2006-09-22 16:00:00-04:00,22.59,22.84,21.93,22.1,64584,0.0,0.0,0.0,0.0,0.0
2006-09-25 16:00:00-04:00,22.08,22.54,21.64,22.54,42990,0.0,0.0,0.0,0.0,0.0
2006-09-26 16:00:00-04:00,23.54,23.678,22.72,22.87,161976,0.0,0.0,0.0,0.0,0.0
2006-09-27 16:00:00-04:00,22.87,23.26,22.38,22.4,82371,0.0,0.0,0.0,0.0,0.0
2006-09-28 16:00:00-04:00,22.5,22.57,21.94,21.98,95553,0.0,0.0,0.0,0.0,0.0
2006-09-29 16:00:00-04:00,21.9,22.55,21.86,22.01,122030,0.0,0.0,0.0,0.0,0.0
2006-10-02 16:00:00-04:00,21.92,22.38,21.92,22.13,70134,0.0,0.0,0.0,0.0,0.0
2006-10-03 16:00:00-04:00,21.98,22.17,21.75,21.82,95255,0.0,0.0,0.0,0.0,0.0
2006-10-04 16:00:00-04:00,21.82,22.55,21.76,22.36,179155,0.0,0.0,0.0,0.0,0.0
2006-10-05 16:00:00-04:00,22.22,22.87,22.05,22.74,138037,0.0,0.0,0.0,0.0,0.0
2006-10-06 16:00:00-04:00,22.58,22.61,22.21,22.37,49851,0.0,0.0,0.0,0.0,0.0
2006-10-09 16:00:00-04:00,22.23,22.23,21.81,21.85,100732,0.0,0.0,0.0,0.0,0.0
2006-10-10 16:00:00-04:00,21.82,22.13,21.75,21.91,57331,0.0,0.0,0.0,0.0,0.0
2006-10-11 16:00:00-04:00,21.75,21.86,21.11,21.29,75467,0.0,0.0,0.0,0.0,0.0
2006-10-12 16:00:00-04:00,21.48,22.28,21.48,22.21,95628,0.0,0.0,0.0,0.0,0.0
2006-10-13 16:00:00-04:00,22.25,22.35,21.85,21.9,59260,0.0,0.0,0.0,0.0,0.0
2006-10-16 16:00:00-04:00,21.84,22.04,21.59,21.96,35630,0.0,0.0,0.0,0.0,0.0
2006-10-17 16:00:00-04:00,21.87,21.94,21.42,21.88,31001,0.0,0.0,0.0,0.0,0.0
2006-10-18 16:00:00-04:00,21.96,22.0,21.53,21.79,43835,0.0,0.0,0.0,0.0,0.0
2006-10-19 16:00:00-04:00,21.67,22.17,21.6,22.02,46780,0.0,0.0,0.0,0.0,0.0
2006-10-20 16:00:00-04:00,22.15,22.15,21.5,21.71,47837,0.0,0.0,0.0,0.0,0.0
2006-10-23 16:00:00-04:00,21.6,21.99,21.25,21.3,97013,0.0,0.0,0.0,0.0,0.0
2006-10-24 16:00:00-04:00,21.32,21.79,21.29,21.76,79400,0.0,0.0,0.0,0.0,0.0
2006-10-25 16:00:00-04:00,21.77,22.64,21.77,22.44,111977,0.0,0.0,0.0,0.0,0.0
2006-10-26 16:00:00-04:00,22.86,22.98,22.03,22.86,100919,0.0,0.0,0.0,0.0,0.0
2006-10-27 16:00:00-04:00,22.27,22.65,21.6,21.8,236104,0.0,0.0,0.0,0.0,0.0
2006-10-30 16:00:00-05:00,21.78,21.78,21.0,21.5,185887,0.0,0.0,0.0,0.0,0.0
2006-10-31 16:00:00-05:00,21.61,21.61,21.35,21.53,55939,0.0,0.0,0.0,0.0,0.0
2006-11-01 16:00:00-05:00,21.55,21.55,20.96,21.17,69407,0.0,0.0,0.0,0.0,0.0
2006-11-02 16:00:00-05:00,21.06,21.12,20.56,21.01,91801,0.0,0.0,0.0,0.0,0.0
2006-11-03 16:00:00-05:00,21.1,21.1,20.41,20.54,51240,0.0,0.0,0.0,0.0,0.0
2006-11-06 16:00:00-05:00,20.7,20.99,20.46,20.84,82007,0.0,0.0,0.0,0.0,0.0
2006-11-07 16:00:00-05:00,20.91,21.03,20.71,20.77,42075,0.0,0.0,0.0,0.0,0.0
2006-11-08 16:00:00-05:00,20.72,21.41,20.55,21.0,40055,0.0,0.0,0.0,0.0,0.0
2006-11-09 16:00:00-05:00,21.06,21.06,20.29,20.3,125479,0.0,0.0,0.0,0.0,0.0
2006-11-10 16:00:00-05:00,20.3,20.61,20.03,20.58,89944,0.0,0.0,0.0,0.0,0.0
2006-11-13 16:00:00-05:00,20.52,21.29,20.47,21.19,44971,0.0,0.0,0.0,0.0,0.0
2006-11-14 16:00:00-05:00,21.16,21.36,20.96,21.34,96741,0.0,0.0,0.0,0.0,0.0
2006-11-15 16:00:00-05:00,21.4,22.2,21.35,22.0,72355,0.0,0.0,0.0,0.0,0.0
2006-11-16 16:00:00-05:00,21.98,21.98,21.51,21.62,83193,0.0,0.0,0.0,0.0,0.0
2006-11-17 16:00:00-05:00,21.27,21.48,20.93,20.99,113908,0.0,0.0,0.0,0.0,0.0
2006-11-20 16:00:00-05:00,20.94,21.0,20.67,20.96,62819,0.0,0.0,0.0,0.0,0.0
2006-11-21 16:00:00-05:00,21.02,21.42,20.98,21.39,56150,0.0,0.0,0.0,0.0,0.0
2006-11-22 16:00:00-05:00,21.39,21.41,21.03,21.23,27377,0.0,0.0,0.0,0.0,0.0
2006-11-24 16:00:00-05:00,21.01,21.26,20.95,21.23,25083,0.0,0.0,0.0,0.0,0.0
2006-11-27 16:00:00-05:00,21.08,21.1,20.46,20.53,99887,0.0,0.0,0.0,0.0,0.0
2006-11-28 16:00:00-05:00,20.52,20.88,20.28,20.79,79291,0.0,0.0,0.0,0.0,0.0
2006-11-29 16:00:00-05:00,20.89,21.1704,20.86,21.09,51752,0.0,0.0,0.0,0.0,0.0
2006-11-30 16:00:00-05:00,21.03,21.03,20.62,20.744,134051,0.0,0.0,0.0,0.0,0.0
2006-12-01 16:00:00-05:00,20.85,21.1,20.62,21.09,85569,0.0,0.0,0.0,0.0,0.0
2006-12-04 16:00:00-05:00,21.1,21.71,20.89,21.5,62030,0.0,0.0,0.0,0.0,0.0
2006-12-05 16:00:00-05:00,21.5,21.68,20.78,20.8,76965,0.0,0.0,0.0,0.0,0.0
2006-12-06 16:00:00-05:00,20.76,20.9,20.55,20.74,50214,0.0,0.0,0.0,0.0,0.0
2006-12-07 16:00:00-05:00,20.72,20.91,20.32,20.34,29771,0.0,0.0,0.0,0.0,0.0
2006-12-08 16:00:00-05:00,20.35,20.35,19.95,20.06,124510,0.0,0.0,0.0,0.0,0.0
2006-12-11 16:00:00-05:00,19.96,20.39,19.94,20.21,48665,0.0,0.0,0.0,0.0,0.0
2006-12-12 16:00:00-05:00,20.23,20.23,19.68,19.68,70095,0.0,0.0,0.0,0.0,0.0
2006-12-13 16:00:00-05:00,19.85,20.13,19.85,19.9,46868,0.0,0.0,0.0,0.0,0.0
2006-12-14 16:00:00-05:00,19.86,20.28,19.7,19.75,96540,0.0,0.0,0.0,0.0,0.0
2006-12-15 16:00:00-05:00,19.86,19.96,19.48,19.54,69265,0.0,0.0,0.0,0.0,0.0
2006-12-18 16:00:00-05:00,19.61,19.83,19.11,19.16,87474,0.0,0.0,0.0,0.0,0.0
2006-12-19 16:00:00-05:00,19.12,19.2,18.5,19.04,191670,0.0,0.0,0.0,0.0,0.0
2006-12-20 16:00:00-05:00,19.0,19.53,18.82,19.44,48601,0.0,0.0,0.0,0.0,0.0
2006-12-21 16:00:00-05:00,19.5,19.66,19.45,19.47,87496,0.0,0.0,0.0,0.0,0.0
2006-12-22 16:00:00-05:00,19.53,19.79,19.44,19.59,24430,0.0,0.0,0.0,0.0,0.0
2006-12-26 16:00:00-05:00,19.56,19.9,19.54,19.89,49843,0.0,0.0,0.0,0.0,0.0
2006-12-27 16:00:00-05:00,19.87,20.32,19.73,20.21,102413,0.0,0.0,0.0,0.0,0.0
2006-12-28 16:00:00-05:00,20.05,20.18,19.81,19.92,44784,0.0,0.0,0.0,0.0,0.0
2006-12-29 16:00:00-05:00,19.95,20.31,19.93,20.21,74123,0.0,0.0,0.0,0.0,0.0
2007-01-03 16:00:00-05:00,20.33,20.58,19.38,19.41,105484,0.0,0.0,0.0,0.0,0.0
2007-01-04 16:00:00-05:00,19.36,20.11,19.22,20.09,148983,0.0,0.0,0.0,0.0,0.0
2007-01-05 16:00:00-05:00,20.15,20.17,19.89,19.96,97383,0.0,0.0,0.0,0.0,0.0
2007-01-08 16:00:00-05:00,20.03,20.2,19.9,20.06,63280,0.0,0.0,0.0,0.0,0.0
2007-01-09 16:00:00-05:00,20.17,20.52,20.13,20.36,130772,0.0,0.0,0.0,0.0,0.0
2007-01-10 16:00:00-05:00,20.3,20.72,20.26,20.54,94050,0.0,0.0,0.0,0.0,0.0
2007-01-11 16:00:00-05:00,20.69,21.25,20.68,20.97,104803,0.0,0.0,0.0,0.0,0.0
2007-01-12 16:00:00-05:00,20.92,21.2,20.86,20.94,76584,0.0,0.0,0.0,0.0,0.0
2007-01-16 16:00:00-05:00,20.98,21.49,20.66,20.81,138798,0.0,0.0,0.0,0.0,0.0
2007-01-17 16:00:00-05:00,20.69,21.02,20.69,20.85,90121,0.0,0.0,0.0,0.0,0.0
2007-01-18 16:00:00-05:00,20.88,20.99,20.52,20.54,136175,0.0,0.0,0.0,0.0,0.0
2007-01-19 16:00:00-05:00,20.5,21.49,20.41,21.48,89556,0.0,0.0,0.0,0.0,0.0
2007-01-22 16:00:00-05:00,21.47,21.47,20.81,21.0,86581,0.0,0.0,0.0,0.0,0.0
2007-01-23 16:00:00-05:00,21.01,21.17,20.57,20.59,74530,0.0,0.0,0.0,0.0,0.0
2007-01-24 16:00:00-05:00,20.58,21.12,20.58,21.0,69145,0.0,0.0,0.0,0.0,0.0
2007-01-25 16:00:00-05:00,20.95,21.0,20.46,20.78,110423,0.0,0.0,0.0,0.0,0.0
2007-01-26 16:00:00-05:00,20.78,20.9,20.46,20.63,77306,0.0,0.0,0.0,0.0,0.0
2007-01-29 16:00:00-05:00,20.54,21.02,20.54,20.95,96256,0.0,0.0,0.0,0.0,0.0
2007-01-30 16:00:00-05:00,20.95,20.95,20.66,20.68,48428,0.0,0.0,0.0,0.0,0.0
2007-01-31 16:00:00-05:00,20.61,20.75,20.36,20.4,155636,0.0,0.0,0.0,0.0,0.0
2007-02-01 16:00:00-05:00,20.51,21.23,20.51,21.22,205682,0.0,0.0,0.0,0.0,0.0
2007-02-02 16:00:00-05:00,21.23,21.23,20.77,20.93,102785,0.0,0.0,0.0,0.0,0.0
2007-02-05 16:00:00-05:00,20.86,20.89,19.95,20.36,162145,0.0,0.0,0.0,0.0,0.0
2007-02-06 16:00:00-05:00,20.41,20.64,20.03,20.64,75442,0.0,0.0,0.0,0.0,0.0
2007-02-07 16:00:00-05:00,20.55,20.68,20.31,20.61,62821,0.0,0.0,0.0,0.0,0.0
2007-02-08 16:00:00-05:00,20.52,20.52,20.08,20.25,49162,0.0,0.0,0.0,0.0,0.0
2007-02-09 16:00:00-05:00,20.17,20.32,20.0,20.13,61761,0.0,0.0,0.0,0.0,0.0
2007-02-12 16:00:00-05:00,20.24,20.25,19.76,19.82,123257,0.0,0.0,0.0,0.0,0.0
2007-02-13 16:00:00-05:00,19.85,20.54,19.85,20.29,80131,0.0,0.0,0.0,0.0,0.0
2007-02-14 16:00:00-05:00,20.17,20.81,20.17,20.4,79332,0.0,0.0,0.0,0.0,0.0
2007-02-15 16:00:00-05:00,20.28,20.32,19.83,19.99,91983,0.0,0.0,0.0,0.0,0.0
2007-02-16 16:00:00-05:00,20.4,20.63,19.78,20.63,241422,0.0,0.0,0.0,0.0,0.0
2007-02-20 16:00:00-05:00,20.54,21.3,20.34,21.19,229843,0.0,0.0,0.0,0.0,0.0
2007-02-21 16:00:00-05:00,21.05,21.5,21.05,21.42,138541,0.0,0.0,0.0,0.0,0.0
2007-02-22 16:00:00-05:00,21.49,21.49,21.21,21.39,142601,0.0,0.0,0.0,0.0,0.0
2007-02-23 16:00:00-05:00,21.3,21.47,21.22,21.34,62976,0.0,0.0,0.0,0.0,0.0
2007-02-26 16:00:00-05:00,21.35,21.55,21.1,21.5,122879,0.0,0.0,0.0,0.0,0.0
2007-02-27 16:00:00-05:00,21.11,21.15,20.32,20.4,103619,0.0,0.0,0.0,0.0,0.0
2007-02-28 16:00:00-05:00,20.37,20.63,20.12,20.38,83475,0.0,0.0,0.0,0.0,0.0
2007-03-01 16:00:00-05:00,20.05,20.58,19.96,20.26,61280,0.0,0.0,0.0,0.0,0.0
2007-03-02 16:00:00-05:00,20.17,20.4,20.0,20.01,104198,0.0,0.0,0.0,0.0,0.0
2007-03-05 16:00:00-05:00,20.0,20.08,19.5,19.64,159414,0.0,0.0,0.0,0.0,0.0
2007-03-06 16:00:00-05:00,19.82,20.13,19.64,20.12,89197,0.0,0.0,0.0,0.0,0.0
2007-03-07 16:00:00-05:00,20.06,20.34,19.97,20.01,93536,0.0,0.0,0.0,0.0,0.0
2007-03-08 16:00:00-05:00,20.18,20.67,20.0,20.62,150714,0.0,0.0,0.0,0.0,0.0
2007-03-09 16:00:00-05:00,20.74,20.74,20.5,20.65,59476,0.0,0.0,0.0,0.0,0.0
2007-03-12 16:00:00-04:00,20.67,20.93,20.57,20.83,75910,0.0,0.0,0.0,0.0,0.0
2007-03-13 16:00:00-04:00,20.77,20.9058,20.54,20.75,182995,0.0,0.0,0.0,0.0,0.0
2007-03-14 16:00:00-04:00,20.66,20.84,20.34,20.65,47260,0.0,0.0,0.0,0.0,0.0
2007-03-15 16:00:00-04:00,20.58,20.82,20.55,20.77,75134,0.0,0.0,0.0,0.0,0.0
2007-03-16 16:00:00-04:00,20.76,20.79,20.3,20.51,202513,0.0,0.0,0.0,0.0,0.0
2007-03-19 16:00:00-04:00,20.68,20.82,20.57,20.7,95069,0.0,0.0,0.0,0.0,0.0
2007-03-20 16:00:00-04:00,20.65,20.88,20.61,20.8,123118,0.0,0.0,0.0,0.0,0.0
2007-03-21 16:00:00-04:00,20.77,21.3,20.7,21.3,94990,0.0,0.0,0.0,0.0,0.0
2007-03-22 16:00:00-04:00,21.28,21.34,21.12,21.28,57327,0.0,0.0,0.0,0.0,0.0
2007-03-23 16:00:00-04:00,21.24,21.51,21.24,21.4,170479,0.0,0.0,0.0,0.0,0.0
2007-03-26 16:00:00-04:00,21.43,21.4699,20.97,21.15,104182,0.0,0.0,0.0,0.0,0.0
2007-03-27 16:00:00-04:00,21.12,21.17,20.95,21.01,174105,0.0,0.0,0.0,0.0,0.0
2007-03-28 16:00:00-04:00,20.81,20.87,20.69,20.86,69681,0.0,0.0,0.0,0.0,0.0
2007-03-29 16:00:00-04:00,20.98,21.11,20.76,21.1,239777,0.0,0.0,0.0,0.0,0.0
2007-03-30 16:00:00-04:00,21.1,21.2,20.85,21.13,161958,0.0,0.0,0.0,0.0,0.0
2007-04-02 16:00:00-04:00,21.09,21.53,20.87,21.51,188522,0.0,0.0,0.0,0.0,0.0
2007-04-03 16:00:00-04:00,21.56,21.89,21.4201,21.88,295161,0.0,0.0,0.0,0.0,0.0
2007-04-04 16:00:00-04:00,21.92,21.92,21.15,21.21,140152,0.0,0.0,0.0,0.0,0.0
2007-04-05 16:00:00-04:00,21.24,21.31,20.9,20.94,66535,0.0,0.0,0.0,0.0,0.0
2007-04-09 16:00:00-04:00,21.01,21.01,20.73,20.73,65470,0.0,0.0,0.0,0.0,0.0
2007-04-10 16:00:00-04:00,20.71,20.81,20.58,20.81,60062,0.0,0.0,0.0,0.0,0.0
2007-04-11 16:00:00-04:00,20.82,20.82,20.2,20.4,112456,0.0,0.0,0.0,0.0,0.0
2007-04-12 16:00:00-04:00,20.25,20.51,20.06,20.09,167551,0.0,0.0,0.0,0.0,0.0
2007-04-13 16:00:00-04:00,20.15,20.47,20.15,20.46,67409,0.0,0.0,0.0,0.0,0.0
2007-04-16 16:00:00-04:00,20.6,21.0,20.6,20.95,154993,0.0,0.0,0.0,0.0,0.0
2007-04-17 16:00:00-04:00,20.93,21.53,20.93,21.14,204685,0.0,0.0,0.0,0.0,0.0
2007-04-18 16:00:00-04:00,21.09,21.23,20.53,20.57,110428,0.0,0.0,0.0,0.0,0.0
2007-04-19 16:00:00-04:00,20.47,20.73,20.35,20.64,131729,0.0,0.0,0.0,0.0,0.0
2007-04-20 16:00:00-04:00,20.55,20.93,20.55,20.87,76269,0.0,0.0,0.0,0.0,0.0
2007-04-23 16:00:00-04:00,20.8,21.0,20.8,20.9,62149,0.0,0.0,0.0,0.0,0.0
2007-04-24 16:00:00-04:00,20.98,21.22,20.63,20.95,103284,0.0,0.0,0.0,0.0,0.0
2007-04-25 16:00:00-04:00,20.95,21.13,20.71,20.78,114556,0.0,0.0,0.0,0.0,0.0
2007-04-26 16:00:00-04:00,20.86,20.93,20.67,20.82,42749,0.0,0.0,0.0,0.0,0.0
2007-04-27 16:00:00-04:00,21.44,21.85,21.1,21.38,198592,0.0,0.0,0.0,0.0,0.0
2007-04-30 16:00:00-04:00,21.45,21.45,20.41,20.59,152815,0.0,0.0,0.0,0.0,0.0
2007-05-01 16:00:00-04:00,20.58,20.69,20.01,20.55,149990,0.0,0.0,0.0,0.0,0.0
2007-05-02 16:00:00-04:00,20.52,20.86,20.42,20.81,99539,0.0,0.0,0.0,0.0,0.0
2007-05-03 16:00:00-04:00,20.77,21.02,20.61,20.97,180085,0.0,0.0,0.0,0.0,0.0
2007-05-04 16:00:00-04:00,21.06,21.06,20.81,20.98,92729,0.0,0.0,0.0,0.0,0.0
2007-05-07 16:00:00-04:00,21.11,21.28,21.0,21.16,82011,0.0,0.0,0.0,0.0,0.0
2007-05-08 16:00:00-04:00,21.13,21.36,20.66,21.31,82492,0.0,0.0,0.0,0.0,0.0
2007-05-09 16:00:00-04:00,21.21,21.46,20.75,21.41,126036,0.0,0.0,0.0,0.0,0.0
2007-05-10 16:00:00-04:00,21.26,21.33,20.76,20.84,120199,0.0,0.0,0.0,0.0,0.0
2007-05-11 16:00:00-04:00,21.05,21.15,20.75,21.09,59997,0.0,0.0,0.0,0.0,0.0
2007-05-14 16:00:00-04:00,21.02,21.44,20.5,20.74,114956,0.0,0.0,0.0,0.0,0.0
2007-05-15 16:00:00-04:00,20.69,21.0,20.2,20.3,94986,0.0,0.0,0.0,0.0,0.0
2007-05-16 16:00:00-04:00,20.4,20.79,20.29,20.43,92870,0.0,0.0,0.0,0.0,0.0
2007-05-17 16:00:00-04:00,20.34,20.39,20.23,20.34,60291,0.0,0.0,0.0,0.0,0.0
2007-05-18 16:00:00-04:00,20.4,20.69,20.29,20.55,83327,0.0,0.0,0.0,0.0,0.0
2007-05-21 16:00:00-04:00,20.44,20.61,20.12,20.29,94514,0.0,0.0,0.0,0.0,0.0
2007-05-22 16:00:00-04:00,20.24,20.52,20.16,20.52,95446,0.0,0.0,0.0,0.0,0.0
2007-05-23 16:00:00-04:00,20.49,20.84,20.19,20.3,51224,0.0,0.0,0.0,0.0,0.0
2007-05-24 16:00:00-04:00,20.28,20.6,19.94,19.99,119590,0.0,0.0,0.0,0.0,0.0
2007-05-25 16:00:00-04:00,20.11,20.37,19.96,20.01,106224,0.0,0.0,0.0,0.0,0.0
2007-05-29 16:00:00-04:00,20.12,20.56,20.03,20.35,102166,0.0,0.0,0.0,0.0,0.0
2007-05-30 16:00:00-04:00,20.19,20.39,19.92,20.05,132413,0.0,0.0,0.0,0.0,0.0
2007-05-31 16:00:00-04:00,20.13,20.715,20.13,20.25,175222,0.0,0.0,0.0,0.0,0.0
2007-06-01 16:00:00-04:00,20.34,20.61,20.12,20.36,77538,0.0,0.0,0.0,0.0,0.0
2007-06-04 16:00:00-04:00,20.21,20.62,20.21,20.6,104709,0.0,0.0,0.0,0.0,0.0
2007-06-05 16:00:00-04:00,20.46,20.62,20.36,20.62,118016,0.0,0.0,0.0,0.0,0.0
2007-06-06 16:00:00-04:00,20.46,20.46,20.02,20.29,63213,0.0,0.0,0.0,0.0,0.0
2007-06-07 16:00:00-04:00,20.15,20.2,19.7085,19.78,84482,0.0,0.0,0.0,0.0,0.0
2007-06-08 16:00:00-04:00,19.78,19.99,19.55,19.92,86075,0.0,0.0,0.0,0.0,0.0
2007-06-11 16:00:00-04:00,19.78,20.14,19.62,20.0,72669,0.0,0.0,0.0,0.0,0.0
2007-06-12 16:00:00-04:00,19.85,19.85,19.46,19.63,124620,0.0,0.0,0.0,0.0,0.0
2007-06-13 16:00:00-04:00,19.69,20.08,19.49,19.77,98641,0.0,0.0,0.0,0.0,0.0
2007-06-14 16:00:00-04:00,19.73,19.98,19.55,19.65,114049,0.0,0.0,0.0,0.0,0.0
2007-06-15 16:00:00-04:00,19.94,19.94,19.51,19.73,303665,0.0,0.0,0.0,0.0,0.0
2007-06-18 16:00:00-04:00,19.75,19.82,19.68,19.76,431600,0.0,0.0,0.0,0.0,0.0
2007-06-19 16:00:00-04:00,19.6,19.62,19.26,19.31,134571,0.0,0.0,0.0,0.0,0.0
2007-06-20 16:00:00-04:00,19.41,19.41,18.5,18.65,238106,0.0,0.0,0.0,0.0,0.0
2007-06-21 16:00:00-04:00,18.53,18.97,18.26,18.6,313000,0.0,0.0,0.0,0.0,0.0
2007-06-22 16:00:00-04:00,18.53,18.6,18.3,18.45,188608,0.0,0.0,0.0,0.0,0.0
2007-06-25 16:00:00-04:00,18.48,18.99,18.43,18.79,268721,0.0,0.0,0.0,0.0,0.0
2007-06-26 16:00:00-04:00,18.87,19.32,18.81,19.29,154502,0.0,0.0,0.0,0.0,0.0
2007-06-27 16:00:00-04:00,19.16,19.506,19.0,19.48,205276,0.0,0.0,0.0,0.0,0.0
2007-06-28 16:00:00-04:00,19.49,19.7,19.4,19.67,154552,0.0,0.0,0.0,0.0,0.0
2007-06-29 16:00:00-04:00,19.79,19.93,19.58,19.74,198327,0.0,0.0,0.0,0.0,0.0
2007-07-02 16:00:00-04:00,19.87,20.07,19.62,20.05,285254,0.0,0.0,0.0,0.0,0.0
2007-07-03 16:00:00-04:00,20.11,20.11,19.75,20.03,117786,0.0,0.0,0.0,0.0,0.0
2007-07-05 16:00:00-04:00,20.15,20.3,19.77,20.27,135242,0.0,0.0,0.0,0.0,0.0
2007-07-06 16:00:00-04:00,20.22,20.42,19.93,20.42,107745,0.0,0.0,0.0,0.0,0.0
2007-07-09 16:00:00-04:00,20.39,20.39,19.93,20.18,175737,0.0,0.0,0.0,0.0,0.0
2007-07-10 16:00:00-04:00,20.14,20.14,19.77,19.83,253310,0.0,0.0,0.0,0.0,0.0
2007-07-11 16:00:00-04:00,19.78,19.82,19.53,19.63,126675,0.0,0.0,0.0,0.0,0.0
2007-07-12 16:00:00-04:00,19.75,20.12,19.56,20.12,214509,0.0,0.0,0.0,0.0,0.0
2007-07-13 16:00:00-04:00,20.11,20.21,19.94,20.21,140793,0.0,0.0,0.0,0.0,0.0
2007-07-16 16:00:00-04:00,20.19,20.3,19.95,20.28,305027,0.0,0.0,0.0,0.0,0.0
2007-07-17 16:00:00-04:00,20.19,20.94,20.18,20.9,323876,0.0,0.0,0.0,0.0,0.0
2007-07-18 16:00:00-04:00,20.85,21.3,20.59,21.27,268603,0.0,0.0,0.0,0.0,0.0
2007-07-19 16:00:00-04:00,21.16,21.22,20.9,21.11,175724,0.0,0.0,0.0,0.0,0.0
2007-07-20 16:00:00-04:00,21.06,21.13,20.95,21.07,220937,0.0,0.0,0.0,0.0,0.0
2007-07-23 16:00:00-04:00,21.2,21.31,20.91,21.28,199287,0.0,0.0,0.0,0.0,0.0
2007-07-24 16:00:00-04:00,21.08,21.18,20.94,21.01,211583,0.0,0.0,0.0,0.0,0.0
2007-07-25 16:00:00-04:00,21.07,21.11,20.7,20.81,185028,0.0,0.0,0.0,0.0,0.0
2007-07-26 16:00:00-04:00,20.62,20.69,19.7,20.11,185292,0.0,0.0,0.0,0.0,0.0
2007-07-27 16:00:00-04:00,20.6,20.87,19.74,19.81,445370,0.0,0.0,0.0,0.0,0.0
2007-07-30 16:00:00-04:00,19.82,20.21,19.38,19.97,267182,0.0,0.0,0.0,0.0,0.0
2007-07-31 16:00:00-04:00,20.1,20.15,19.81,20.0,201978,0.0,0.0,0.0,0.0,0.0
2007-08-01 16:00:00-04:00,19.94,19.94,19.06,19.73,314842,0.0,0.0,0.0,0.0,0.0
2007-08-02 16:00:00-04:00,19.81,20.21,19.44,19.93,198444,0.0,0.0,0.0,0.0,0.0
2007-08-03 16:00:00-04:00,19.95,20.42,19.92,20.07,236680,0.0,0.0,0.0,0.0,0.0
2007-08-06 16:00:00-04:00,20.15,20.55,19.93,20.47,421285,0.0,0.0,0.0,0.0,0.0
2007-08-07 16:00:00-04:00,20.56,21.56,20.46,21.45,510735,0.0,0.0,0.0,0.0,0.0
2007-08-08 16:00:00-04:00,21.56,24.8,21.33,23.0,1043530,0.0,0.0,0.0,0.0,0.0
2007-08-09 16:00:00-04:00,22.85,24.13,22.08,23.81,856563,0.0,0.0,0.0,0.0,0.0
2007-08-10 16:00:00-04:00,23.87,24.47,21.15,21.43,511334,0.0,0.0,0.0,0.0,0.0
2007-08-13 16:00:00-04:00,21.6,21.61,20.61,20.8,484134,0.0,0.0,0.0,0.0,0.0
2007-08-14 16:00:00-04:00,20.84,20.93,20.43,20.5,203375,0.0,0.0,0.0,0.0,0.0
2007-08-15 16:00:00-04:00,20.5,21.46,20.5,20.58,173913,0.0,0.0,0.0,0.0,0.0
2007-08-16 16:00:00-04:00,20.55,21.37,19.86,21.32,329400,0.0,0.0,0.0,0.0,0.0
2007-08-17 16:00:00-04:00,21.92,24.33,21.76,22.18,462838,0.0,0.0,0.0,0.0,0.0
2007-08-20 16:00:00-04:00,22.23,23.31,22.04,22.26,170759,0.0,0.0,0.0,0.0,0.0
2007-08-21 16:00:00-04:00,22.2,22.56,21.67,21.88,87534,0.0,0.0,0.0,0.0,0.0
2007-08-22 16:00:00-04:00,22.15,23.06,22.03,22.77,262228,0.0,0.0,0.0,0.0,0.0
2007-08-23 16:00:00-04:00,22.6868,22.84,21.5,21.68,110774,0.0,0.0,0.0,0.0,0.0
2007-08-24 16:00:00-04:00,21.57,22.29,21.57,22.15,99374,0.0,0.0,0.0,0.0,0.0
2007-08-27 16:00:00-04:00,22.12,22.37,21.74,22.03,96014,0.0,0.0,0.0,0.0,0.0
2007-08-28 16:00:00-04:00,21.86,22.18,21.64,21.86,165862,0.0,0.0,0.0,0.0,0.0
2007-08-29 16:00:00-04:00,21.94,22.75,21.73,22.57,116964,0.0,0.0,0.0,0.0,0.0
2007-08-30 16:00:00-04:00,22.27,22.83,22.27,22.61,148425,0.0,0.0,0.0,0.0,0.0
2007-08-31 16:00:00-04:00,23.01,23.13,22.45,22.65,123838,0.0,0.0,0.0,0.0,0.0
2007-09-04 16:00:00-04:00,22.63,23.26,22.43,23.21,207378,0.0,0.0,0.0,0.0,0.0
2007-09-05 16:00:00-04:00,23.12,23.3,22.8,23.07,133890,0.0,0.0,0.0,0.0,0.0
2007-09-06 16:00:00-04:00,23.1,23.41,22.89,23.41,125352,0.0,0.0,0.0,0.0,0.0
2007-09-07 16:00:00-04:00,23.0,23.11,22.68,22.77,114260,0.0,0.0,0.0,0.0,0.0
2007-09-10 16:00:00-04:00,22.95,23.0,22.06,22.1,295217,0.0,0.0,0.0,0.0,0.0
2007-09-11 16:00:00-04:00,22.11,22.5,22.11,22.24,143187,0.0,0.0,0.0,0.0,0.0
2007-09-12 16:00:00-04:00,22.2,22.76,21.98,22.02,155916,0.0,0.0,0.0,0.0,0.0
2007-09-13 16:00:00-04:00,21.96,22.64,21.87,22.15,93172,0.0,0.0,0.0,0.0,0.0
2007-09-14 16:00:00-04:00,21.95,22.83,21.91,22.71,93967,0.0,0.0,0.0,0.0,0.0
2007-09-17 16:00:00-04:00,22.61,23.12,22.34,22.9,81305,0.0,0.0,0.0,0.0,0.0
2007-09-18 16:00:00-04:00,23.04,23.5,22.13,23.37,166074,0.0,0.0,0.0,0.0,0.0
2007-09-19 16:00:00-04:00,23.65,24.04,23.5,23.53,150469,0.0,0.0,0.0,0.0,0.0
2007-09-20 16:00:00-04:00,23.46,23.62,22.91,23.15,266675,0.0,0.0,0.0,0.0,0.0
2007-09-21 16:00:00-04:00,23.37,23.41,22.72,22.75,179204,0.0,0.0,0.0,0.0,0.0
2007-09-24 16:00:00-04:00,22.7,23.58,22.7,22.84,148137,0.0,0.0,0.0,0.0,0.0
2007-09-25 16:00:00-04:00,22.92,23.02,22.03,22.17,219168,0.0,0.0,0.0,0.0,0.0
2007-09-26 16:00:00-04:00,22.33,22.72,21.72,21.85,139123,0.0,0.0,0.0,0.0,0.0
2007-09-27 16:00:00-04:00,21.86,22.0,21.45,21.79,195992,0.0,0.0,0.0,0.0,0.0
2007-09-28 16:00:00-04:00,21.81,21.83,20.9,21.05,236034,0.0,0.0,0.0,0.0,0.0
2007-10-01 16:00:00-04:00,20.75,21.65,20.68,20.86,334943,0.0,0.0,0.0,0.0,0.0
2007-10-02 16:00:00-04:00,20.95,21.5,20.76,21.01,175427,0.0,0.0,0.0,0.0,0.0
2007-10-03 16:00:00-04:00,20.96,21.3,20.6,20.79,291058,0.0,0.0,0.0,0.0,0.0
2007-10-04 16:00:00-04:00,20.83,20.83,20.43,20.47,210878,0.0,0.0,0.0,0.0,0.0
2007-10-05 16:00:00-04:00,20.71,20.71,20.5,20.6,194999,0.0,0.0,0.0,0.0,0.0
2007-10-08 16:00:00-04:00,20.6,20.8,20.28,20.58,208994,0.0,0.0,0.0,0.0,0.0
2007-10-09 16:00:00-04:00,20.61,20.64,20.32,20.5,333710,0.0,0.0,0.0,0.0,0.0
2007-10-10 16:00:00-04:00,20.4,20.95,20.36,20.5,173958,0.0,0.0,0.0,0.0,0.0
2007-10-11 16:00:00-04:00,20.5,20.5,19.85,20.05,185936,0.0,0.0,0.0,0.0,0.0
2007-10-12 16:00:00-04:00,20.02,20.25,19.73,19.84,194270,0.0,0.0,0.0,0.0,0.0
2007-10-15 16:00:00-04:00,19.8,19.8,19.28,19.52,379926,0.0,0.0,0.0,0.0,0.0
2007-10-16 16:00:00-04:00,19.51,19.71,19.4,19.46,120049,0.0,0.0,0.0,0.0,0.0
2007-10-17 16:00:00-04:00,19.7,19.77,19.3,19.6,370597,0.0,0.0,0.0,0.0,0.0
2007-10-18 16:00:00-04:00,19.55,20.32,19.55,20.14,193577,0.0,0.0,0.0,0.0,0.0
2007-10-19 16:00:00-04:00,20.11,20.3,19.63,20.01,163954,0.0,0.0,0.0,0.0,0.0
2007-10-22 16:00:00-04:00,19.85,20.34,19.71,20.18,171094,0.0,0.0,0.0,0.0,0.0
2007-10-23 16:00:00-04:00,20.25,20.25,19.63,19.75,151672,0.0,0.0,0.0,0.0,0.0
2007-10-24 16:00:00-04:00,19.69,19.73,18.8,18.99,376369,0.0,0.0,0.0,0.0,0.0
2007-10-25 16:00:00-04:00,18.97,19.12,18.56,18.89,396177,0.0,0.0,0.0,0.0,0.0
2007-10-26 16:00:00-04:00,19.1,20.0,19.08,19.69,434313,0.0,0.0,0.0,0.0,0.0
2007-10-29 16:00:00-04:00,19.7,19.7,19.0,19.46,291607,0.0,0.0,0.0,0.0,0.0
2007-10-30 16:00:00-04:00,19.4,19.59,19.09,19.2,234148,0.0,0.0,0.0,0.0,0.0
2007-10-31 16:00:00-04:00,19.27,20.14,19.21,19.79,214139,0.0,0.0,0.0,0.0,0.0
2007-11-01 16:00:00-04:00,19.49,19.92,18.9,19.2,304732,0.0,0.0,0.0,0.0,0.0
2007-11-02 16:00:00-04:00,19.34,20.11,19.07,19.88,355284,0.0,0.0,0.0,0.0,0.0
2007-11-05 16:00:00-05:00,19.69,19.87,19.23,19.51,170889,0.0,0.0,0.0,0.0,0.0
2007-11-06 16:00:00-05:00,19.54,19.64,19.16,19.47,179118,0.0,0.0,0.0,0.0,0.0
2007-11-07 16:00:00-05:00,19.2,19.405,18.14,18.18,357653,0.0,0.0,0.0,0.0,0.0
2007-11-08 16:00:00-05:00,18.32,18.5,18.03,18.46,302283,0.0,0.0,0.0,0.0,0.0
2007-11-09 16:00:00-05:00,18.54,18.68,18.21,18.36,164949,0.0,0.0,0.0,0.0,0.0
2007-11-12 16:00:00-05:00,18.38,19.2,18.38,18.59,213457,0.0,0.0,0.0,0.0,0.0
2007-11-13 16:00:00-05:00,19.2,19.2,18.7,18.98,157926,0.0,0.0,0.0,0.0,0.0
2007-11-14 16:00:00-05:00,19.07,19.14,18.53,18.73,138012,0.0,0.0,0.0,0.0,0.0
2007-11-15 16:00:00-05:00,18.62,18.81,18.16,18.41,245434,0.0,0.0,0.0,0.0,0.0
2007-11-16 16:00:00-05:00,18.45,19.41,18.42,19.22,284753,0.0,0.0,0.0,0.0,0.0
2007-11-19 16:00:00-05:00,19.02,19.02,18.28,18.73,266293,0.0,0.0,0.0,0.0,0.0
2007-11-20 16:00:00-05:00,18.69,18.69,17.65,17.74,570302,0.0,0.0,0.0,0.0,0.0
2007-11-21 16:00:00-05:00,17.75,18.15,17.55,17.75,134139,0.0,0.0,0.0,0.0,0.0
2007-11-23 16:00:00-05:00,17.95,18.22,17.66,17.8,37601,0.0,0.0,0.0,0.0,0.0
2007-11-26 16:00:00-05:00,17.79,18.09,17.52,17.54,141403,0.0,0.0,0.0,0.0,0.0
2007-11-27 16:00:00-05:00,17.57,17.85,17.52,17.53,324878,0.0,0.0,0.0,0.0,0.0
2007-11-28 16:00:00-05:00,17.69,18.75,17.52,18.73,495612,0.0,0.0,0.0,0.0,0.0
2007-11-29 16:00:00-05:00,18.72,18.72,17.84,18.18,120568,0.0,0.0,0.0,0.0,0.0
2007-11-30 16:00:00-05:00,18.42,18.64,17.52,17.79,180250,0.0,0.0,0.0,0.0,0.0
2007-12-03 16:00:00-05:00,17.85,17.85,17.24,17.24,254313,0.0,0.0,0.0,0.0,0.0
2007-12-04 16:00:00-05:00,17.12,17.4,17.07,17.29,121997,0.0,0.0,0.0,0.0,0.0
2007-12-05 16:00:00-05:00,17.57,17.57,17.03,17.07,126829,0.0,0.0,0.0,0.0,0.0
2007-12-06 16:00:00-05:00,17.03,18.21,17.03,18.06,192545,0.0,0.0,0.0,0.0,0.0
2007-12-07 16:00:00-05:00,18.15,19.25,18.0,19.0,269774,0.0,0.0,0.0,0.0,0.0
2007-12-10 16:00:00-05:00,19.08,19.97,18.91,19.73,239489,0.0,0.0,0.0,0.0,0.0
2007-12-11 16:00:00-05:00,19.79,19.97,18.96,19.09,353968,0.0,0.0,0.0,0.0,0.0
2007-12-12 16:00:00-05:00,19.66,19.97,19.51,19.9,306179,0.0,0.0,0.0,0.0,0.0
2007-12-13 16:00:00-05:00,19.69,19.81,18.35,18.44,378433,0.0,0.0,0.0,0.0,0.0
2007-12-14 16:00:00-05:00,18.32,18.52,18.0,18.25,158924,0.0,0.0,0.0,0.0,0.0
2007-12-17 16:00:00-05:00,18.07,18.17,17.86,17.99,161147,0.0,0.0,0.0,0.0,0.0
2007-12-18 16:00:00-05:00,18.13,19.13,17.91,18.91,189085,0.0,0.0,0.0,0.0,0.0
2007-12-19 16:00:00-05:00,18.78,18.78,18.24,18.28,255857,0.0,0.0,0.0,0.0,0.0
2007-12-20 16:00:00-05:00,18.47,18.47,17.9,18.08,221362,0.0,0.0,0.0,0.0,0.0
2007-12-21 16:00:00-05:00,17.99,18.12,17.16,17.2,473385,0.0,0.0,0.0,0.0,0.0
2007-12-24 16:00:00-05:00,17.37,17.39,17.03,17.1,172829,0.0,0.0,0.0,0.0,0.0
2007-12-26 16:00:00-05:00,16.95,17.14,16.86,16.98,238243,0.0,0.0,0.0,0.0,0.0
2007-12-27 16:00:00-05:00,17.15,17.16,16.36,16.47,256685,0.0,0.0,0.0,0.0,0.0
2007-12-28 16:00:00-05:00,16.56,17.0,16.33,16.34,232793,0.0,0.0,0.0,0.0,0.0
2007-12-31 16:00:00-05:00,16.35,16.46,16.07,16.26,344135,0.0,0.0,0.0,0.0,0.0
2008-01-02 16:00:00-05:00,16.29,16.33,15.48,15.65,356461,0.0,0.0,0.0,0.0,0.0
2008-01-03 16:00:00-05:00,15.71,15.8,15.03,15.05,275371,0.0,0.0,0.0,0.0,0.0
2008-01-04 16:00:00-05:00,15.03,15.05,14.15,14.2,424217,0.0,0.0,0.0,0.0,0.0
2008-01-07 16:00:00-05:00,14.3,15.0,14.3,14.69,393334,0.0,0.0,0.0,0.0,0.0
2008-01-08 16:00:00-05:00,14.81,14.96,14.27,14.3,345900,0.0,0.0,0.0,0.0,0.0
2008-01-09 16:00:00-05:00,14.24,14.51,13.61,13.9,390788,0.0,0.0,0.0,0.0,0.0
2008-01-10 16:00:00-05:00,13.78,14.35,13.55,14.3,361028,0.0,0.0,0.0,0.0,0.0
2008-01-11 16:00:00-05:00,14.16,14.54,13.71,13.76,338114,0.0,0.0,0.0,0.0,0.0
2008-01-14 16:00:00-05:00,13.84,14.02,13.32,13.41,285281,0.0,0.0,0.0,0.0,0.0
2008-01-15 16:00:00-05:00,13.2,13.3,12.75,12.78,258631,0.0,0.0,0.0,0.0,0.0
2008-01-16 16:00:00-05:00,12.72,12.72,11.63,12.32,745679,0.0,0.0,0.0,0.0,0.0
2008-01-17 16:00:00-05:00,12.36,12.49,12.05,12.4,219702,0.0,0.0,0.0,0.0,0.0
2008-01-18 16:00:00-05:00,12.4,12.81,12.28,12.38,226972,0.0,0.0,0.0,0.0,0.0
2008-01-22 16:00:00-05:00,11.95,13.61,11.95,13.48,697858,0.0,0.0,0.0,0.0,0.0
2008-01-23 16:00:00-05:00,13.19,16.0,12.93,15.92,933729,0.0,0.0,0.0,0.0,0.0
2008-01-24 16:00:00-05:00,16.0,16.33,15.58,15.97,556427,0.0,0.0,0.0,0.0,0.0
2008-01-25 16:00:00-05:00,16.12,16.58,15.8,16.0,378642,0.0,0.0,0.0,0.0,0.0
2008-01-28 16:00:00-05:00,15.9,15.94,15.15,15.49,302064,0.0,0.0,0.0,0.0,0.0
2008-01-29 16:00:00-05:00,15.62,16.06,15.62,15.98,204575,0.0,0.0,0.0,0.0,0.0
2008-01-30 16:00:00-05:00,15.8,16.66,15.8,16.25,305090,0.0,0.0,0.0,0.0,0.0
2008-01-31 16:00:00-05:00,16.17,17.31,16.0,17.26,446521,0.0,0.0,0.0,0.0,0.0
2008-02-01 16:00:00-05:00,17.36,17.47,16.78,17.07,228718,0.0,0.0,0.0,0.0,0.0
2008-02-04 16:00:00-05:00,17.06,17.08,16.5,16.6,174024,0.0,0.0,0.0,0.0,0.0
2008-02-05 16:00:00-05:00,16.39,16.5,15.17,15.26,289592,0.0,0.0,0.0,0.0,0.0
2008-02-06 16:00:00-05:00,15.42,15.6,14.39,14.48,359998,0.0,0.0,0.0,0.0,0.0
2008-02-07 16:00:00-05:00,14.43,15.73,14.26,15.65,384861,0.0,0.0,0.0,0.0,0.0
2008-02-08 16:00:00-05:00,15.66,15.83,15.22,15.5,254298,0.0,0.0,0.0,0.0,0.0
2008-02-11 16:00:00-05:00,15.59,15.62,14.82,15.61,269160,0.0,0.0,0.0,0.0,0.0
2008-02-12 16:00:00-05:00,15.66,16.33,15.66,16.28,316269,0.0,0.0,0.0,0.0,0.0
2008-02-13 16:00:00-05:00,16.28,16.36,15.47,16.0,275939,0.0,0.0,0.0,0.0,0.0
2008-02-14 16:00:00-05:00,15.74,15.81,14.74,14.9,475408,0.0,0.0,0.0,0.0,0.0
2008-02-15 16:00:00-05:00,14.79,15.05,13.62,13.67,908502,0.0,0.0,0.0,0.0,0.0
2008-02-19 16:00:00-05:00,13.87,14.15,13.67,14.09,290089,0.0,0.0,0.0,0.0,0.0
2008-02-20 16:00:00-05:00,14.02,14.02,13.37,13.87,187396,0.0,0.0,0.0,0.0,0.0
2008-02-21 16:00:00-05:00,13.96,14.04,13.27,13.39,232594,0.0,0.0,0.0,0.0,0.0
2008-02-22 16:00:00-05:00,13.55,13.71,13.0,13.69,391906,0.0,0.0,0.0,0.0,0.0
2008-02-25 16:00:00-05:00,13.62,14.33,13.36,14.28,200212,0.0,0.0,0.0,0.0,0.0
2008-02-26 16:00:00-05:00,14.16,14.87,14.12,14.84,256037,0.0,0.0,0.0,0.0,0.0
2008-02-27 16:00:00-05:00,14.75,15.18,14.5,14.98,215069,0.0,0.0,0.0,0.0,0.0
2008-02-28 16:00:00-05:00,14.95,14.97,14.45,14.65,186585,0.0,0.0,0.0,0.0,0.0
2008-02-29 16:00:00-05:00,14.43,14.5,13.53,13.56,214295,0.0,0.0,0.0,0.0,0.0
2008-03-03 16:00:00-05:00,13.75,13.88,13.14,13.27,184852,0.0,0.0,0.0,0.0,0.0
2008-03-04 16:00:00-05:00,13.1,13.59,12.92,13.32,222931,0.0,0.0,0.0,0.0,0.0
2008-03-05 16:00:00-05:00,13.32,13.41,12.61,12.6499,264834,0.0,0.0,0.0,0.0,0.0
2008-03-06 16:00:00-05:00,12.62,12.81,11.97,11.98,269402,0.0,0.0,0.0,0.0,0.0
2008-03-07 16:00:00-05:00,11.86,12.42,11.825,12.21,304220,0.0,0.0,0.0,0.0,0.0
2008-03-10 16:00:00-04:00,12.28,12.74,11.79,11.86,197589,0.0,0.0,0.0,0.0,0.0
2008-03-11 16:00:00-04:00,12.05,12.61,11.74,12.61,214322,0.0,0.0,0.0,0.0,0.0
2008-03-12 16:00:00-04:00,12.76,13.98,12.75,13.44,581294,0.0,0.0,0.0,0.0,0.0
2008-03-13 16:00:00-04:00,13.12,13.29,12.8,12.9,535793,0.0,0.0,0.0,0.0,0.0
2008-03-14 16:00:00-04:00,12.99,13.1,12.45,12.59,236547,0.0,0.0,0.0,0.0,0.0
2008-03-17 16:00:00-04:00,12.34,13.32,12.15,13.0,284381,0.0,0.0,0.0,0.0,0.0
2008-03-18 16:00:00-04:00,13.42,14.16,13.22,14.09,414354,0.0,0.0,0.0,0.0,0.0
2008-03-19 16:00:00-04:00,14.2,14.48,13.58,13.58,185128,0.0,0.0,0.0,0.0,0.0
2008-03-20 16:00:00-04:00,14.29,14.6,13.75,14.55,497473,0.0,0.0,0.0,0.0,0.0
2008-03-24 16:00:00-04:00,14.74,15.63,14.37,15.53,287101,0.0,0.0,0.0,0.0,0.0
2008-03-25 16:00:00-04:00,15.42,15.44,14.81,15.16,130428,0.0,0.0,0.0,0.0,0.0
2008-03-26 16:00:00-04:00,15.06,15.3,14.84,15.05,142173,0.0,0.0,0.0,0.0,0.0
2008-03-27 16:00:00-04:00,15.13,15.2,14.8,14.87,68229,0.0,0.0,0.0,0.0,0.0
2008-03-28 16:00:00-04:00,14.86,14.93,14.0,14.05,155007,0.0,0.0,0.0,0.0,0.0
2008-03-31 16:00:00-04:00,13.92,14.75,13.83,14.41,314889,0.0,0.0,0.0,0.0,0.0
2008-04-01 16:00:00-04:00,14.73,15.11,14.54,15.1,272632,0.0,0.0,0.0,0.0,0.0
2008-04-02 16:00:00-04:00,15.07,15.47,14.93,15.02,166701,0.0,0.0,0.0,0.0,0.0
2008-04-03 16:00:00-04:00,14.77,15.07,14.62,14.97,219083,0.0,0.0,0.0,0.0,0.0
2008-04-04 16:00:00-04:00,14.92,14.92,14.27,14.65,68117,0.0,0.0,0.0,0.0,0.0
2008-04-07 16:00:00-04:00,14.69,14.77,14.08,14.27,131942,0.0,0.0,0.0,0.0,0.0
2008-04-08 16:00:00-04:00,14.05,14.15,13.8,13.84,78653,0.0,0.0,0.0,0.0,0.0
2008-04-09 16:00:00-04:00,13.79,14.15,13.68,13.73,102074,0.0,0.0,0.0,0.0,0.0
2008-04-10 16:00:00-04:00,13.7,14.45,13.54,14.33,130565,0.0,0.0,0.0,0.0,0.0
2008-04-11 16:00:00-04:00,14.13,14.23,13.7,13.83,131777,0.0,0.0,0.0,0.0,0.0
2008-04-14 16:00:00-04:00,13.8,13.89,13.56,13.65,70768,0.0,0.0,0.0,0.0,0.0
2008-04-15 16:00:00-04:00,13.71,14.35,13.23,14.24,308692,0.0,0.0,0.0,0.0,0.0
2008-04-16 16:00:00-04:00,14.36,15.05,14.01,14.99,212488,0.0,0.0,0.0,0.0,0.0
2008-04-17 16:00:00-04:00,14.95,14.95,14.43,14.56,107178,0.0,0.0,0.0,0.0,0.0
2008-04-18 16:00:00-04:00,14.94,15.97,14.84,15.85,331875,0.0,0.0,0.0,0.0,0.0
2008-04-21 16:00:00-04:00,15.7,15.7,14.93,15.11,308270,0.0,0.0,0.0,0.0,0.0
2008-04-22 16:00:00-04:00,15.0,15.31,14.69,15.1,262611,0.0,0.0,0.0,0.0,0.0
2008-04-23 16:00:00-04:00,15.13,15.89,15.09,15.86,252904,0.0,0.0,0.0,0.0,0.0
2008-04-24 16:00:00-04:00,15.6,15.96,15.23,15.76,409031,0.0,0.0,0.0,0.0,0.0
2008-04-25 16:00:00-04:00,14.19,15.09,13.44,14.0,1186452,0.0,0.0,0.0,0.0,0.0
2008-04-28 16:00:00-04:00,14.06,14.38,13.55,13.6,296622,0.0,0.0,0.0,0.0,0.0
2008-04-29 16:00:00-04:00,13.56,13.78,13.34,13.68,226702,0.0,0.0,0.0,0.0,0.0
2008-04-30 16:00:00-04:00,13.69,14.02,13.49,13.94,438240,0.0,0.0,0.0,0.0,0.0
2008-05-01 16:00:00-04:00,13.9,14.61,13.85,14.46,571689,0.0,0.0,0.0,0.0,0.0
2008-05-02 16:00:00-04:00,14.61,14.88,14.28,14.34,265656,0.0,0.0,0.0,0.0,0.0
2008-05-05 16:00:00-04:00,14.25,14.43,13.87,14.24,163496,0.0,0.0,0.0,0.0,0.0
2008-05-06 16:00:00-04:00,14.13,14.33,13.9775,14.26,155168,0.0,0.0,0.0,0.0,0.0
2008-05-07 16:00:00-04:00,14.28,14.5,13.98,14.0,222144,0.0,0.0,0.0,0.0,0.0
2008-05-08 16:00:00-04:00,14.11,14.19,13.94,14.17,376353,0.0,0.0,0.0,0.0,0.0
2008-05-09 16:00:00-04:00,13.99,14.31,13.8,13.84,142944,0.0,0.0,0.0,0.0,0.0
2008-05-12 16:00:00-04:00,13.92,14.13,13.885,14.03,202990,0.0,0.0,0.0,0.0,0.0
2008-05-13 16:00:00-04:00,14.08,14.08,13.913,14.02,184707,0.0,0.0,0.0,0.0,0.0
2008-05-14 16:00:00-04:00,14.04,14.05,13.63,13.68,139929,0.0,0.0,0.0,0.0,0.0
2008-05-15 16:00:00-04:00,13.65,13.758,13.44,13.73,167941,0.0,0.0,0.0,0.0,0.0
2008-05-16 16:00:00-04:00,13.7,13.71,13.4,13.53,225909,0.0,0.0,0.0,0.0,0.0
2008-05-19 16:00:00-04:00,13.55,13.7,13.42,13.53,178957,0.0,0.0,0.0,0.0,0.0
2008-05-20 16:00:00-04:00,13.48,13.53,12.94,13.1,169934,0.0,0.0,0.0,0.0,0.0
2008-05-21 16:00:00-04:00,13.15,13.35,12.29,12.37,298536,0.0,0.0,0.0,0.0,0.0
2008-05-22 16:00:00-04:00,12.4,12.79,12.18,12.22,280399,0.0,0.0,0.0,0.0,0.0
2008-05-23 16:00:00-04:00,12.07,12.1475,11.46,11.58,699422,0.0,0.0,0.0,0.0,0.0
2008-05-27 16:00:00-04:00,11.54,12.045,11.54,11.8,530293,0.0,0.0,0.0,0.0,0.0
2008-05-28 16:00:00-04:00,11.86,12.03,11.67,11.8,275826,0.0,0.0,0.0,0.0,0.0
2008-05-29 16:00:00-04:00,11.79,12.11,11.73,11.94,244771,0.0,0.0,0.0,0.0,0.0
2008-05-30 16:00:00-04:00,12.13,12.87,12.12,12.82,518381,0.0,0.0,0.0,0.0,0.0
2008-06-02 16:00:00-04:00,12.75,12.9,11.98,11.99,293114,0.0,0.0,0.0,0.0,0.0
2008-06-03 16:00:00-04:00,12.06,12.37,11.97,12.24,188448,0.0,0.0,0.0,0.0,0.0
2008-06-04 16:00:00-04:00,12.21,12.55,11.97,12.49,183155,0.0,0.0,0.0,0.0,0.0
2008-06-05 16:00:00-04:00,12.47,12.84,12.36,12.64,168781,0.0,0.0,0.0,0.0,0.0
2008-06-06 16:00:00-04:00,12.53,12.53,12.03,12.16,200266,0.0,0.0,0.0,0.0,0.0
2008-06-09 16:00:00-04:00,12.2,12.34,11.68,11.8,172498,0.0,0.0,0.0,0.0,0.0
2008-06-10 16:00:00-04:00,11.64,11.86,11.5001,11.65,210262,0.0,0.0,0.0,0.0,0.0
2008-06-11 16:00:00-04:00,11.6,11.62,10.93,10.93,267239,0.0,0.0,0.0,0.0,0.0
2008-06-12 16:00:00-04:00,11.05,11.58,11.05,11.44,533439,0.0,0.0,0.0,0.0,0.0
2008-06-13 16:00:00-04:00,11.59,11.59,11.05,11.08,243206,0.0,0.0,0.0,0.0,0.0
2008-06-16 16:00:00-04:00,11.02,11.44,11.0,11.33,177028,0.0,0.0,0.0,0.0,0.0
2008-06-17 16:00:00-04:00,11.39,11.39,11.0,11.01,101960,0.0,0.0,0.0,0.0,0.0
2008-06-18 16:00:00-04:00,10.98,11.03,10.72,10.87,254068,0.0,0.0,0.0,0.0,0.0
2008-06-19 16:00:00-04:00,10.86,11.5,10.86,11.21,438341,0.0,0.0,0.0,0.0,0.0
2008-06-20 16:00:00-04:00,11.12,11.935,10.88,10.95,221582,0.0,0.0,0.0,0.0,0.0
2008-06-23 16:00:00-04:00,11.06,11.06,10.65,10.71,168793,0.0,0.0,0.0,0.0,0.0
2008-06-24 16:00:00-04:00,10.61,11.0,10.49,10.49,261604,0.0,0.0,0.0,0.0,0.0
2008-06-25 16:00:00-04:00,10.53,10.82,10.3,10.55,514477,0.0,0.0,0.0,0.0,0.0
2008-06-26 16:00:00-04:00,10.3,10.47,9.84,9.89,360736,0.0,0.0,0.0,0.0,0.0
2008-06-27 16:00:00-04:00,9.93,10.2,9.83,10.01,455917,0.0,0.0,0.0,0.0,0.0
2008-06-30 16:00:00-04:00,10.06,10.23,9.72,9.73,255356,0.0,0.0,0.0,0.0,0.0
2008-07-01 16:00:00-04:00,9.7,10.08,9.62,9.7,337113,0.0,0.0,0.0,0.0,0.0
2008-07-02 16:00:00-04:00,9.7,9.86,9.15,9.18,263691,0.0,0.0,0.0,0.0,0.0
2008-07-03 16:00:00-04:00,9.05,9.46,9.03,9.22,123792,0.0,0.0,0.0,0.0,0.0
2008-07-07 16:00:00-04:00,9.36,9.4,8.97,8.98,294096,0.0,0.0,0.0,0.0,0.0
2008-07-08 16:00:00-04:00,9.0,9.06,8.83,9.02,625321,0.0,0.0,0.0,0.0,0.0
2008-07-09 16:00:00-04:00,9.0,9.0,8.65,8.67,356454,0.0,0.0,0.0,0.0,0.0
2008-07-10 16:00:00-04:00,8.67,8.81,8.53,8.62,509075,0.0,0.0,0.0,0.0,0.0
2008-07-11 16:00:00-04:00,8.55,8.63,8.35,8.48,443699,0.0,0.0,0.0,0.0,0.0
2008-07-14 16:00:00-04:00,8.65,8.87,8.59,8.66,245637,0.0,0.0,0.0,0.0,0.0
2008-07-15 16:00:00-04:00,8.59,9.08,8.35,8.88,293538,0.0,0.0,0.0,0.0,0.0
2008-07-16 16:00:00-04:00,8.88,9.39,8.77,9.03,366312,0.0,0.0,0.0,0.0,0.0
2008-07-17 16:00:00-04:00,9.14,9.93,9.11,9.93,541353,0.0,0.0,0.0,0.0,0.0
2008-07-18 16:00:00-04:00,9.81,9.86,9.3,9.39,363892,0.0,0.0,0.0,0.0,0.0
2008-07-21 16:00:00-04:00,9.44,9.5,9.17,9.17,244154,0.0,0.0,0.0,0.0,0.0
2008-07-22 16:00:00-04:00,9.01,9.77,9.01,9.68,365472,0.0,0.0,0.0,0.0,0.0
2008-07-23 16:00:00-04:00,9.63,10.16,9.32,10.06,300971,0.0,0.0,0.0,0.0,0.0
2008-07-24 16:00:00-04:00,10.02,10.02,9.43,9.73,450994,0.0,0.0,0.0,0.0,0.0
2008-07-25 16:00:00-04:00,10.3,10.63,10.12,10.22,407063,0.0,0.0,0.0,0.0,0.0
2008-07-28 16:00:00-04:00,10.04,10.15,9.65,9.85,408209,0.0,0.0,0.0,0.0,0.0
2008-07-29 16:00:00-04:00,9.89,10.73,9.81,10.69,386492,0.0,0.0,0.0,0.0,0.0
2008-07-30 16:00:00-04:00,10.78,11.0,10.57,10.94,414761,0.0,0.0,0.0,0.0,0.0
2008-07-31 16:00:00-04:00,10.83,11.18,10.41,10.85,326593,0.0,0.0,0.0,0.0,0.0
2008-08-01 16:00:00-04:00,10.53,10.79,10.46,10.76,177718,0.0,0.0,0.0,0.0,0.0
2008-08-04 16:00:00-04:00,10.73,11.04,10.49,10.93,271088,0.0,0.0,0.0,0.0,0.0
2008-08-05 16:00:00-04:00,11.1,11.66,11.09,11.6,241012,0.0,0.0,0.0,0.0,0.0
2008-08-06 16:00:00-04:00,11.6,12.41,11.3,12.2,352666,0.0,0.0,0.0,0.0,0.0
2008-08-07 16:00:00-04:00,12.04,12.2,11.81,12.11,213043,0.0,0.0,0.0,0.0,0.0
2008-08-08 16:00:00-04:00,12.16,12.94,11.76,12.72,227707,0.0,0.0,0.0,0.0,0.0
2008-08-11 16:00:00-04:00,12.67,13.8512,12.67,13.23,279851,0.0,0.0,0.0,0.0,0.0
2008-08-12 16:00:00-04:00,13.19,13.69,12.91,13.5,247314,0.0,0.0,0.0,0.0,0.0
2008-08-13 16:00:00-04:00,13.5,13.5,12.85,12.99,165318,0.0,0.0,0.0,0.0,0.0
2008-08-14 16:00:00-04:00,12.86,13.47,12.83,13.33,142173,0.0,0.0,0.0,0.0,0.0
2008-08-15 16:00:00-04:00,13.44,13.5,12.95,13.05,220630,0.0,0.0,0.0,0.0,0.0
2008-08-18 16:00:00-04:00,13.06,13.17,12.82,12.9,292649,0.0,0.0,0.0,0.0,0.0
2008-08-19 16:00:00-04:00,12.73,12.79,11.96,12.02,266932,0.0,0.0,0.0,0.0,0.0
2008-08-20 16:00:00-04:00,12.14,12.52,11.94,12.2,146063,0.0,0.0,0.0,0.0,0.0
2008-08-21 16:00:00-04:00,12.04,12.37,11.94,12.18,115557,0.0,0.0,0.0,0.0,0.0
2008-08-22 16:00:00-04:00,12.3,12.57,12.22,12.49,144012,0.0,0.0,0.0,0.0,0.0
2008-08-25 16:00:00-04:00,12.41,12.41,11.95,12.1,125778,0.0,0.0,0.0,0.0,0.0
2008-08-26 16:00:00-04:00,11.81,12.14,11.54,11.59,160337,0.0,0.0,0.0,0.0,0.0
2008-08-27 16:00:00-04:00,11.49,11.63,11.0,11.36,540997,0.0,0.0,0.0,0.0,0.0
2008-08-28 16:00:00-04:00,11.4,12.05,11.01,12.03,206208,0.0,0.0,0.0,0.0,0.0
2008-08-29 16:00:00-04:00,11.89,11.96,11.31,11.64,88915,0.0,0.0,0.0,0.0,0.0
2008-09-02 16:00:00-04:00,11.99,12.56,11.73,11.88,106932,0.0,0.0,0.0,0.0,0.0
2008-09-03 16:00:00-04:00,11.84,13.0,11.79,12.43,350415,0.0,0.0,0.0,0.0,0.0
2008-09-04 16:00:00-04:00,12.32,12.58,11.81,12.13,481436,0.0,0.0,0.0,0.0,0.0
2008-09-05 16:00:00-04:00,12.04,12.27,11.82,11.88,344560,0.0,0.0,0.0,0.0,0.0
2008-09-08 16:00:00-04:00,12.14,12.59,11.9,12.05,345985,0.0,0.0,0.0,0.0,0.0
2008-09-09 16:00:00-04:00,12.07,12.59,12.04,12.2,477451,0.0,0.0,0.0,0.0,0.0
2008-09-10 16:00:00-04:00,12.71,13.62,12.65,13.34,657504,0.0,0.0,0.0,0.0,0.0
2008-09-11 16:00:00-04:00,13.12,13.6,12.95,13.56,544959,0.0,0.0,0.0,0.0,0.0
2008-09-12 16:00:00-04:00,13.43,13.43,12.27,12.61,367762,0.0,0.0,0.0,0.0,0.0
2008-09-15 16:00:00-04:00,12.44,12.96,11.81,11.87,360688,0.0,0.0,0.0,0.0,0.0
2008-09-16 16:00:00-04:00,11.91,12.64,11.89,12.45,278278,0.0,0.0,0.0,0.0,0.0
2008-09-17 16:00:00-04:00,12.26,12.53,12.09,12.27,351281,0.0,0.0,0.0,0.0,0.0
2008-09-18 16:00:00-04:00,12.6,13.59,12.35,13.59,611240,0.0,0.0,0.0,0.0,0.0
2008-09-19 16:00:00-04:00,13.85,14.09,13.64,13.89,595739,0.0,0.0,0.0,0.0,0.0
2008-09-22 16:00:00-04:00,13.61,13.98,13.2,13.4,434755,0.0,0.0,0.0,0.0,0.0
2008-09-23 16:00:00-04:00,13.52,13.52,12.99,13.16,233283,0.0,0.0,0.0,0.0,0.0
2008-09-24 16:00:00-04:00,13.21,13.5,12.76,12.93,211157,0.0,0.0,0.0,0.0,0.0
2008-09-25 16:00:00-04:00,13.02,13.11,12.65,12.83,272603,0.0,0.0,0.0,0.0,0.0
2008-09-26 16:00:00-04:00,12.54,13.15,12.4801,13.0,334484,0.0,0.0,0.0,0.0,0.0
2008-09-29 16:00:00-04:00,12.89,12.9,11.78,12.17,593433,0.0,0.0,0.0,0.0,0.0
2008-09-30 16:00:00-04:00,12.25,12.29,11.4,11.94,310556,0.0,0.0,0.0,0.0,0.0
2008-10-01 16:00:00-04:00,11.83,12.54,11.83,12.52,140451,0.0,0.0,0.0,0.0,0.0
2008-10-02 16:00:00-04:00,12.4,12.46,11.88,11.88,372488,0.0,0.0,0.0,0.0,0.0
2008-10-03 16:00:00-04:00,12.15,12.15,10.84,10.86,367998,0.0,0.0,0.0,0.0,0.0
2008-10-06 16:00:00-04:00,10.67,10.69,9.98,10.36,625778,0.0,0.0,0.0,0.0,0.0
2008-10-07 16:00:00-04:00,10.55,10.66,9.97,10.0,250667,0.0,0.0,0.0,0.0,0.0
2008-10-08 16:00:00-04:00,9.82,10.3,9.55,9.6,253069,0.0,0.0,0.0,0.0,0.0
2008-10-09 16:00:00-04:00,10.19,10.21,9.34,9.36,360651,0.0,0.0,0.0,0.0,0.0
2008-10-10 16:00:00-04:00,9.01,9.745,8.6,9.62,466782,0.0,0.0,0.0,0.0,0.0
2008-10-13 16:00:00-04:00,9.84,10.48,9.84,10.48,250296,0.0,0.0,0.0,0.0,0.0
2008-10-14 16:00:00-04:00,10.53,10.53,9.2,9.39,284264,0.0,0.0,0.0,0.0,0.0
2008-10-15 16:00:00-04:00,9.2,9.75,8.2,8.21,286191,0.0,0.0,0.0,0.0,0.0
2008-10-16 16:00:00-04:00,8.27,9.49,8.26,9.48,343150,0.0,0.0,0.0,0.0,0.0
2008-10-17 16:00:00-04:00,9.09,9.5125,8.46,9.12,234888,0.0,0.0,0.0,0.0,0.0
2008-10-20 16:00:00-04:00,9.23,9.51,9.07,9.33,102722,0.0,0.0,0.0,0.0,0.0
2008-10-21 16:00:00-04:00,9.13,9.14,8.77,8.89,190592,0.0,0.0,0.0,0.0,0.0
2008-10-22 16:00:00-04:00,8.76,9.2,8.535,8.7,185785,0.0,0.0,0.0,0.0,0.0
2008-10-23 16:00:00-04:00,8.9,8.9,8.27,8.78,233290,0.0,0.0,0.0,0.0,0.0
2008-10-24 16:00:00-04:00,8.18,8.62,7.64,8.22,222730,0.0,0.0,0.0,0.0,0.0
2008-10-27 16:00:00-04:00,8.02,8.37,7.88,7.97,187031,0.0,0.0,0.0,0.0,0.0
2008-10-28 16:00:00-04:00,8.12,8.67,7.76,8.65,271951,0.0,0.0,0.0,0.0,0.0
2008-10-29 16:00:00-04:00,8.67,8.67,8.12,8.41,303051,0.0,0.0,0.0,0.0,0.0
2008-10-30 16:00:00-04:00,8.66,8.66,8.12,8.32,279658,0.0,0.0,0.0,0.0,0.0
2008-10-31 16:00:00-04:00,8.26,9.28,8.23,8.89,350523,0.0,0.0,0.0,0.0,0.0
2008-11-03 16:00:00-05:00,8.88,8.99,8.52,8.9,134710,0.0,0.0,0.0,0.0,0.0
2008-11-04 16:00:00-05:00,9.0,9.32,8.69,9.15,151613,0.0,0.0,0.0,0.0,0.0
2008-11-05 16:00:00-05:00,9.0,9.39,8.48,8.51,236402,0.0,0.0,0.0,0.0,0.0
2008-11-06 16:00:00-05:00,8.44,8.8,8.29,8.54,167214,0.0,0.0,0.0,0.0,0.0
2008-11-07 16:00:00-05:00,8.65,8.81,8.43,8.72,107198,0.0,0.0,0.0,0.0,0.0
2008-11-10 16:00:00-05:00,8.86,8.89,8.51,8.56,133766,0.0,0.0,0.0,0.0,0.0
2008-11-11 16:00:00-05:00,8.5,8.89,8.5,8.55,109556,0.0,0.0,0.0,0.0,0.0
2008-11-12 16:00:00-05:00,8.5,8.54,7.77,7.8,116590,0.0,0.0,0.0,0.0,0.0
2008-11-13 16:00:00-05:00,7.86,8.08,7.3,8.07,251148,0.0,0.0,0.0,0.0,0.0
2008-11-14 16:00:00-05:00,7.99,8.4,7.92,8.06,167132,0.0,0.0,0.0,0.0,0.0
2008-11-17 16:00:00-05:00,7.98,8.14,7.77,7.98,201871,0.0,0.0,0.0,0.0,0.0
2008-11-18 16:00:00-05:00,7.99,8.16,7.27,7.52,188887,0.0,0.0,0.0,0.0,0.0
2008-11-19 16:00:00-05:00,7.52,7.73,7.17,7.18,148004,0.0,0.0,0.0,0.0,0.0
2008-11-20 16:00:00-05:00,7.17,7.18,6.76,6.79,247071,0.0,0.0,0.0,0.0,0.0
2008-11-21 16:00:00-05:00,6.93,7.77,6.63,7.61,333713,0.0,0.0,0.0,0.0,0.0
2008-11-24 16:00:00-05:00,7.7,8.36,7.62,8.2,198091,0.0,0.0,0.0,0.0,0.0
2008-11-25 16:00:00-05:00,8.28,8.52,8.13,8.44,151140,0.0,0.0,0.0,0.0,0.0
2008-11-26 16:00:00-05:00,8.21,9.65,7.96,9.47,289777,0.0,0.0,0.0,0.0,0.0
2008-11-28 16:00:00-05:00,9.3,9.78,9.3,9.78,36876,0.0,0.0,0.0,0.0,0.0
2008-12-01 16:00:00-05:00,9.51,9.51,8.42,8.51,187327,0.0,0.0,0.0,0.0,0.0
2008-12-02 16:00:00-05:00,8.71,8.89,8.355,8.67,175337,0.0,0.0,0.0,0.0,0.0
2008-12-03 16:00:00-05:00,8.41,9.53,8.34,9.42,156468,0.0,0.0,0.0,0.0,0.0
2008-12-04 16:00:00-05:00,9.35,9.89,9.33,9.67,150762,0.0,0.0,0.0,0.0,0.0
2008-12-05 16:00:00-05:00,9.61,9.98,9.08,9.97,155115,0.0,0.0,0.0,0.0,0.0
2008-12-08 16:00:00-05:00,10.02,11.77,10.02,10.75,492600,0.0,0.0,0.0,0.0,0.0
2008-12-09 16:00:00-05:00,10.63,11.0,10.37,10.45,216768,0.0,0.0,0.0,0.0,0.0
2008-12-10 16:00:00-05:00,10.54,10.95,10.54,10.73,116552,0.0,0.0,0.0,0.0,0.0
2008-12-11 16:00:00-05:00,10.55,11.02,10.17,10.24,150830,0.0,0.0,0.0,0.0,0.0
2008-12-12 16:00:00-05:00,10.0,10.59,9.81,10.59,138042,0.0,0.0,0.0,0.0,0.0
2008-12-15 16:00:00-05:00,10.61,11.12,10.25,10.85,175603,0.0,0.0,0.0,0.0,0.0
2008-12-16 16:00:00-05:00,11.03,11.55,11.0,11.25,281631,0.0,0.0,0.0,0.0,0.0
2008-12-17 16:00:00-05:00,11.2,11.5,11.11,11.3,219980,0.0,0.0,0.0,0.0,0.0
2008-12-18 16:00:00-05:00,11.44,11.44,10.79,10.99,243990,0.0,0.0,0.0,0.0,0.0
2008-12-19 16:00:00-05:00,11.24,11.68,11.15,11.52,334306,0.0,0.0,0.0,0.0,0.0
2008-12-22 16:00:00-05:00,11.46,11.57,9.94,10.4,167085,0.0,0.0,0.0,0.0,0.0
2008-12-23 16:00:00-05:00,10.44,10.81,9.64,9.71,150592,0.0,0.0,0.0,0.0,0.0
2008-12-24 16:00:00-05:00,9.73,10.16,9.73,9.96,43797,0.0,0.0,0.0,0.0,0.0
2008-12-26 16:00:00-05:00,10.02,10.53,9.95,10.5,94434,0.0,0.0,0.0,0.0,0.0
2008-12-29 16:00:00-05:00,10.49,10.55,9.73,10.02,75549,0.0,0.0,0.0,0.0,0.0
2008-12-30 16:00:00-05:00,10.12,10.76,9.94,10.35,194278,0.0,0.0,0.0,0.0,0.0
2008-12-31 16:00:00-05:00,10.32,11.08,10.21,10.77,164034,0.0,0.0,0.0,0.0,0.0
2009-01-02 16:00:00-05:00,10.8,11.37,10.61,11.32,135444,0.0,0.0,0.0,0.0,0.0
2009-01-05 16:00:00-05:00,11.29,11.6,11.1,11.59,150391,0.0,0.0,0.0,0.0,0.0
2009-01-06 16:00:00-05:00,11.51,12.03,11.35,11.76,217027,0.0,0.0,0.0,0.0,0.0
2009-01-07 16:00:00-05:00,11.65,11.65,10.71,10.91,137992,0.0,0.0,0.0,0.0,0.0
2009-01-08 16:00:00-05:00,10.89,11.14,10.45,11.04,182746,0.0,0.0,0.0,0.0,0.0
2009-01-09 16:00:00-05:00,10.78,11.13,10.09,10.14,162492,0.0,0.0,0.0,0.0,0.0
2009-01-12 16:00:00-05:00,10.11,10.27,10.06,10.13,82726,0.0,0.0,0.0,0.0,0.0
2009-01-13 16:00:00-05:00,10.15,10.32,9.76,9.79,126580,0.0,0.0,0.0,0.0,0.0
2009-01-14 16:00:00-05:00,9.75,9.75,9.03,9.1,193128,0.0,0.0,0.0,0.0,0.0
2009-01-15 16:00:00-05:00,9.1,9.63,8.76,9.37,119737,0.0,0.0,0.0,0.0,0.0
2009-01-16 16:00:00-05:00,9.48,9.65,9.1,9.44,70061,0.0,0.0,0.0,0.0,0.0
2009-01-20 16:00:00-05:00,9.32,9.7,9.14,9.5,215698,0.0,0.0,0.0,0.0,0.0
2009-01-21 16:00:00-05:00,9.56,10.38,9.47,10.28,265757,0.0,0.0,0.0,0.0,0.0
2009-01-22 16:00:00-05:00,10.1,10.59,9.92,10.42,218998,0.0,0.0,0.0,0.0,0.0
2009-01-23 16:00:00-05:00,10.29,10.56,10.03,10.21,187571,0.0,0.0,0.0,0.0,0.0
2009-01-26 16:00:00-05:00,10.26,11.09,10.26,10.96,218138,0.0,0.0,0.0,0.0,0.0
2009-01-27 16:00:00-05:00,10.98,11.09,10.85,11.0,126427,0.0,0.0,0.0,0.0,0.0
2009-01-28 16:00:00-05:00,11.14,11.35,11.02,11.21,131045,0.0,0.0,0.0,0.0,0.0
2009-01-29 16:00:00-05:00,11.0,11.24,10.65,11.03,147343,0.0,0.0,0.0,0.0,0.0
2009-01-30 16:00:00-05:00,11.05,11.47,10.7502,11.1,157464,0.0,0.0,0.0,0.0,0.0
2009-02-02 16:00:00-05:00,11.03,11.45,10.905,11.22,209219,0.0,0.0,0.0,0.0,0.0
2009-02-03 16:00:00-05:00,11.3,11.3,10.83,11.05,241464,0.0,0.0,0.0,0.0,0.0
2009-02-04 16:00:00-05:00,11.09,11.43,10.905,11.39,214923,0.0,0.0,0.0,0.0,0.0
2009-02-05 16:00:00-05:00,11.38,11.8,11.38,11.51,247355,0.0,0.0,0.0,0.0,0.0
2009-02-06 16:00:00-05:00,11.48,11.9,11.47,11.5,212111,0.0,0.0,0.0,0.0,0.0
2009-02-09 16:00:00-05:00,11.47,11.51,11.19,11.27,105898,0.0,0.0,0.0,0.0,0.0
2009-02-10 16:00:00-05:00,11.27,11.4,10.7,10.74,234259,0.0,0.0,0.0,0.0,0.0
2009-02-11 16:00:00-05:00,10.72,10.95,10.43,10.58,183263,0.0,0.0,0.0,0.0,0.0
2009-02-12 16:00:00-05:00,10.73,10.89,10.38,10.38,362913,0.0,0.0,0.0,0.0,0.0
2009-02-13 16:00:00-05:00,11.0,12.48,10.88,12.16,1074530,0.0,0.0,0.0,0.0,0.0
2009-02-17 16:00:00-05:00,11.64,12.0,10.99,11.68,314454,0.0,0.0,0.0,0.0,0.0
2009-02-18 16:00:00-05:00,11.7,12.35,11.4809,12.21,231584,0.0,0.0,0.0,0.0,0.0
2009-02-19 16:00:00-05:00,12.26,12.97,12.2,12.49,513159,0.0,0.0,0.0,0.0,0.0
2009-02-20 16:00:00-05:00,12.29,12.46,11.76,11.99,348268,0.0,0.0,0.0,0.0,0.0
2009-02-23 16:00:00-05:00,12.02,12.33,11.8,12.03,443037,0.0,0.0,0.0,0.0,0.0
2009-02-24 16:00:00-05:00,12.1,12.46,12.02,12.37,527662,0.0,0.0,0.0,0.0,0.0
2009-02-25 16:00:00-05:00,12.42,12.46,12.02,12.1,386327,0.0,0.0,0.0,0.0,0.0
2009-02-26 16:00:00-05:00,12.13,12.71,12.0,12.18,588411,0.0,0.0,0.0,0.0,0.0
2009-02-27 16:00:00-05:00,11.87,12.54,11.83,12.43,341567,0.0,0.0,0.0,0.0,0.0
2009-03-02 16:00:00-05:00,12.17,12.27,12.03,12.06,391182,0.0,0.0,0.0,0.0,0.0
2009-03-03 16:00:00-05:00,12.2,12.234,11.27,11.29,295291,0.0,0.0,0.0,0.0,0.0
2009-03-04 16:00:00-05:00,11.42,11.86,11.08,11.67,161804,0.0,0.0,0.0,0.0,0.0
2009-03-05 16:00:00-05:00,11.5,11.52,10.63,10.65,389551,0.0,0.0,0.0,0.0,0.0
2009-03-06 16:00:00-05:00,10.65,10.86,10.38,10.66,732042,0.0,0.0,0.0,0.0,0.0
2009-03-09 16:00:00-04:00,10.57,10.73,10.284,10.39,149786,0.0,0.0,0.0,0.0,0.0
2009-03-10 16:00:00-04:00,10.49,11.17,10.39,10.8,330288,0.0,0.0,0.0,0.0,0.0
2009-03-11 16:00:00-04:00,10.84,11.23,10.66,10.92,258106,0.0,0.0,0.0,0.0,0.0
2009-03-12 16:00:00-04:00,10.83,11.93,10.74,11.7,289486,0.0,0.0,0.0,0.0,0.0
2009-03-13 16:00:00-04:00,11.74,11.97,11.59,11.92,155297,0.0,0.0,0.0,0.0,0.0
2009-03-16 16:00:00-04:00,11.97,12.15,11.68,11.92,348525,0.0,0.0,0.0,0.0,0.0
2009-03-17 16:00:00-04:00,11.88,13.37,11.8,13.31,536687,0.0,0.0,0.0,0.0,0.0
2009-03-18 16:00:00-04:00,12.96,13.97,12.96,13.81,722217,0.0,0.0,0.0,0.0,0.0
2009-03-19 16:00:00-04:00,13.86,13.86,13.46,13.68,347553,0.0,0.0,0.0,0.0,0.0
2009-03-20 16:00:00-04:00,13.8,13.8,12.94,13.01,309154,0.0,0.0,0.0,0.0,0.0
2009-03-23 16:00:00-04:00,13.0,13.82,12.96,13.82,305450,0.0,0.0,0.0,0.0,0.0
2009-03-24 16:00:00-04:00,13.62,13.8,13.43,13.44,126989,0.0,0.0,0.0,0.0,0.0
2009-03-25 16:00:00-04:00,13.55,14.79,13.38,14.37,675180,0.0,0.0,0.0,0.0,0.0
2009-03-26 16:00:00-04:00,14.53,15.19,14.53,15.12,490705,0.0,0.0,0.0,0.0,0.0
2009-03-27 16:00:00-04:00,14.78,15.07,14.33,14.34,292986,0.0,0.0,0.0,0.0,0.0
2009-03-30 16:00:00-04:00,13.9,14.02,13.35,13.81,434311,0.0,0.0,0.0,0.0,0.0
2009-03-31 16:00:00-04:00,13.96,14.15,13.62,13.91,244261,0.0,0.0,0.0,0.0,0.0
2009-04-01 16:00:00-04:00,13.8,14.0,13.48,13.82,192613,0.0,0.0,0.0,0.0,0.0
2009-04-02 16:00:00-04:00,13.93,14.56,13.92,14.3,341882,0.0,0.0,0.0,0.0,0.0
2009-04-03 16:00:00-04:00,14.18,14.4,14.0,14.4,210078,0.0,0.0,0.0,0.0,0.0
2009-04-06 16:00:00-04:00,14.19,14.2,13.64,13.9,155312,0.0,0.0,0.0,0.0,0.0
2009-04-07 16:00:00-04:00,13.72,13.79,13.2275,13.23,143485,0.0,0.0,0.0,0.0,0.0
2009-04-08 16:00:00-04:00,13.24,14.4,12.91,14.38,361063,0.0,0.0,0.0,0.0,0.0
2009-04-09 16:00:00-04:00,14.48,14.97,14.48,14.91,119926,0.0,0.0,0.0,0.0,0.0
2009-04-13 16:00:00-04:00,14.66,14.97,14.475,14.87,141734,0.0,0.0,0.0,0.0,0.0
2009-04-14 16:00:00-04:00,14.56,14.7,14.2,14.28,213743,0.0,0.0,0.0,0.0,0.0
2009-04-15 16:00:00-04:00,14.3,14.6,14.0,14.54,239450,0.0,0.0,0.0,0.0,0.0
2009-04-16 16:00:00-04:00,14.59,14.85,14.04,14.75,176639,0.0,0.0,0.0,0.0,0.0
2009-04-17 16:00:00-04:00,14.83,15.55,14.81,15.46,301193,0.0,0.0,0.0,0.0,0.0
2009-04-20 16:00:00-04:00,15.05,15.51,15.04,15.32,202058,0.0,0.0,0.0,0.0,0.0
2009-04-21 16:00:00-04:00,15.21,15.79,14.9,15.69,187725,0.0,0.0,0.0,0.0,0.0
2009-04-22 16:00:00-04:00,15.46,16.42,15.46,15.99,379716,0.0,0.0,0.0,0.0,0.0
2009-04-23 16:00:00-04:00,16.01,16.47,15.74,16.09,410666,0.0,0.0,0.0,0.0,0.0
2009-04-24 16:00:00-04:00,16.24,16.45,15.11,16.01,386115,0.0,0.0,0.0,0.0,0.0
2009-04-27 16:00:00-04:00,15.88,17.06,15.87,16.88,471826,0.0,0.0,0.0,0.0,0.0
2009-04-28 16:00:00-04:00,16.7,17.46,16.51,17.11,311996,0.0,0.0,0.0,0.0,0.0
2009-04-29 16:00:00-04:00,16.25,18.14,16.07,17.89,693139,0.0,0.0,0.0,0.0,0.0
2009-04-30 16:00:00-04:00,18.01,18.1091,16.49,16.49,456075,0.0,0.0,0.0,0.0,0.0
2009-05-01 16:00:00-04:00,16.55,16.61,16.01,16.13,344923,0.0,0.0,0.0,0.0,0.0
2009-05-04 16:00:00-04:00,16.36,16.81,16.26,16.75,355200,0.0,0.0,0.0,0.0,0.0
2009-05-05 16:00:00-04:00,16.58,17.55,16.58,17.38,387982,0.0,0.0,0.0,0.0,0.0
2009-05-06 16:00:00-04:00,17.42,17.5699,16.1,16.29,262727,0.0,0.0,0.0,0.0,0.0
2009-05-07 16:00:00-04:00,16.45,16.47,15.34,15.48,423332,0.0,0.0,0.0,0.0,0.0
2009-05-08 16:00:00-04:00,15.8,16.14,14.86,15.43,372956,0.0,0.0,0.0,0.0,0.0
2009-05-11 16:00:00-04:00,15.15,15.4099,15.03,15.19,272455,0.0,0.0,0.0,0.0,0.0
2009-05-12 16:00:00-04:00,15.16,15.4,14.66,14.82,395471,0.0,0.0,0.0,0.0,0.0
2009-05-13 16:00:00-04:00,14.73,14.73,13.86,13.99,412930,0.0,0.0,0.0,0.0,0.0
2009-05-14 16:00:00-04:00,13.98,14.84,13.82,14.64,407299,0.0,0.0,0.0,0.0,0.0
2009-05-15 16:00:00-04:00,14.72,14.9,14.5,14.64,247265,0.0,0.0,0.0,0.0,0.0
2009-05-18 16:00:00-04:00,14.87,15.06,14.48,15.01,139137,0.0,0.0,0.0,0.0,0.0
2009-05-19 16:00:00-04:00,14.85,15.32,14.53,15.11,194612,0.0,0.0,0.0,0.0,0.0
2009-05-20 16:00:00-04:00,15.09,15.55,14.56,14.65,268361,0.0,0.0,0.0,0.0,0.0
2009-05-21 16:00:00-04:00,14.64,14.64,13.8,14.2,274244,0.0,0.0,0.0,0.0,0.0
2009-05-22 16:00:00-04:00,14.24,14.32,13.7701,13.94,110855,0.0,0.0,0.0,0.0,0.0
2009-05-26 16:00:00-04:00,13.78,14.5899,13.7,14.5,237721,0.0,0.0,0.0,0.0,0.0
2009-05-27 16:00:00-04:00,14.36,14.76,14.08,14.6,336735,0.0,0.0,0.0,0.0,0.0
2009-05-28 16:00:00-04:00,14.67,14.95,14.1,14.36,121231,0.0,0.0,0.0,0.0,0.0
2009-05-29 16:00:00-04:00,14.36,14.5,14.16,14.34,315562,0.0,0.0,0.0,0.0,0.0
2009-06-01 16:00:00-04:00,14.74,15.3499,14.7,15.05,226401,0.0,0.0,0.0,0.0,0.0
2009-06-02 16:00:00-04:00,14.94,15.89,14.94,15.76,359139,0.0,0.0,0.0,0.0,0.0
2009-06-03 16:00:00-04:00,15.7,15.89,15.7,15.87,111704,0.0,0.0,0.0,0.0,0.0
2009-06-04 16:00:00-04:00,15.93,16.74,15.78,16.7,341451,0.0,0.0,0.0,0.0,0.0
2009-06-05 16:00:00-04:00,16.69,16.74,16.14,16.2,218271,0.0,0.0,0.0,0.0,0.0
2009-06-08 16:00:00-04:00,16.05,16.36,15.85,16.12,140707,0.0,0.0,0.0,0.0,0.0
2009-06-09 16:00:00-04:00,16.15,16.53,16.12,16.39,107473,0.0,0.0,0.0,0.0,0.0
2009-06-10 16:00:00-04:00,16.38,16.62,16.07,16.42,224392,0.0,0.0,0.0,0.0,0.0
2009-06-11 16:00:00-04:00,16.39,16.65,15.83,15.88,189875,0.0,0.0,0.0,0.0,0.0
2009-06-12 16:00:00-04:00,15.84,15.94,15.43,15.89,154318,0.0,0.0,0.0,0.0,0.0
2009-06-15 16:00:00-04:00,15.65,15.67,14.97,15.35,204074,0.0,0.0,0.0,0.0,0.0
2009-06-16 16:00:00-04:00,15.33,15.53,14.87,14.93,106010,0.0,0.0,0.0,0.0,0.0
2009-06-17 16:00:00-04:00,14.79,15.28,14.49,15.1,302706,0.0,0.0,0.0,0.0,0.0
2009-06-18 16:00:00-04:00,14.94,15.47,14.94,15.26,112334,0.0,0.0,0.0,0.0,0.0
2009-06-19 16:00:00-04:00,15.42,16.46,15.27,16.07,602657,0.0,0.0,0.0,0.0,0.0
2009-06-22 16:00:00-04:00,16.01,16.1,15.81,15.81,128377,0.0,0.0,0.0,0.0,0.0
2009-06-23 16:00:00-04:00,15.84,16.1,15.38,15.4,173185,0.0,0.0,0.0,0.0,0.0
2009-06-24 16:00:00-04:00,15.58,15.67,15.195,15.4,215798,0.0,0.0,0.0,0.0,0.0
2009-06-25 16:00:00-04:00,15.27,15.84,15.27,15.8,224698,0.0,0.0,0.0,0.0,0.0
2009-06-26 16:00:00-04:00,15.73,16.03,15.67,15.97,600462,0.0,0.0,0.0,0.0,0.0
2009-06-29 16:00:00-04:00,16.02,16.51,15.68,16.51,373021,0.0,0.0,0.0,0.0,0.0
2009-06-30 16:00:00-04:00,16.52,16.99,16.47,16.87,268314,0.0,0.0,0.0,0.0,0.0
2009-07-01 16:00:00-04:00,17.0,17.0,16.77,16.8,193774,0.0,0.0,0.0,0.0,0.0
2009-07-02 16:00:00-04:00,16.75,16.92,16.35,16.44,223608,0.0,0.0,0.0,0.0,0.0
2009-07-06 16:00:00-04:00,16.42,16.62,16.1,16.55,238140,0.0,0.0,0.0,0.0,0.0
2009-07-07 16:00:00-04:00,16.5,16.8,16.46,16.51,217143,0.0,0.0,0.0,0.0,0.0
2009-07-08 16:00:00-04:00,16.46,16.5,15.83,15.96,255880,0.0,0.0,0.0,0.0,0.0
2009-07-09 16:00:00-04:00,15.86,16.43,15.75,16.35,276792,0.0,0.0,0.0,0.0,0.0
2009-07-10 16:00:00-04:00,16.31,16.94,16.28,16.64,202906,0.0,0.0,0.0,0.0,0.0
2009-07-13 16:00:00-04:00,16.61,16.75,16.23,16.57,186572,0.0,0.0,0.0,0.0,0.0
2009-07-14 16:00:00-04:00,16.56,16.82,16.33,16.54,500221,0.0,0.0,0.0,0.0,0.0
2009-07-15 16:00:00-04:00,16.65,16.81,16.4,16.51,361980,0.0,0.0,0.0,0.0,0.0
2009-07-16 16:00:00-04:00,16.5,16.85,16.32,16.41,252871,0.0,0.0,0.0,0.0,0.0
2009-07-17 16:00:00-04:00,16.49,16.57,16.14,16.32,281783,0.0,0.0,0.0,0.0,0.0
2009-07-20 16:00:00-04:00,16.35,16.49,16.1405,16.19,233122,0.0,0.0,0.0,0.0,0.0
2009-07-21 16:00:00-04:00,16.27,16.34,15.54,16.0,286723,0.0,0.0,0.0,0.0,0.0
2009-07-22 16:00:00-04:00,15.97,16.23,15.78,15.84,521253,0.0,0.0,0.0,0.0,0.0
2009-07-23 16:00:00-04:00,15.78,16.73,15.75,16.54,426602,0.0,0.0,0.0,0.0,0.0
2009-07-24 16:00:00-04:00,16.12,16.35,15.56,16.0,322590,0.0,0.0,0.0,0.0,0.0
2009-07-27 16:00:00-04:00,16.0,16.21,15.88,16.17,368006,0.0,0.0,0.0,0.0,0.0
2009-07-28 16:00:00-04:00,16.0,16.33,15.95,16.26,177614,0.0,0.0,0.0,0.0,0.0
2009-07-29 16:00:00-04:00,16.07,16.4199,15.91,16.27,325148,0.0,0.0,0.0,0.0,0.0
2009-07-30 16:00:00-04:00,16.4,16.47,16.09,16.17,565307,0.0,0.0,0.0,0.0,0.0
2009-07-31 16:00:00-04:00,16.1,16.48,16.06,16.08,150251,0.0,0.0,0.0,0.0,0.0
2009-08-03 16:00:00-04:00,16.19,16.52,16.1,16.52,247135,0.0,0.0,0.0,0.0,0.0
2009-08-04 16:00:00-04:00,16.36,17.66,16.33,17.57,674626,0.0,0.0,0.0,0.0,0.0
2009-08-05 16:00:00-04:00,17.74,17.74,17.09,17.18,399195,0.0,0.0,0.0,0.0,0.0
2009-08-06 16:00:00-04:00,17.2,17.2,16.18,16.25,427438,0.0,0.0,0.0,0.0,0.0
2009-08-07 16:00:00-04:00,16.49,16.55,16.11,16.14,291488,0.0,0.0,0.0,0.0,0.0
2009-08-10 16:00:00-04:00,16.1,17.48,16.1,17.48,540067,0.0,0.0,0.0,0.0,0.0
2009-08-11 16:00:00-04:00,17.35,17.45,17.068,17.18,233102,0.0,0.0,0.0,0.0,0.0
2009-08-12 16:00:00-04:00,17.28,17.44,17.0,17.01,131247,0.0,0.0,0.0,0.0,0.0
2009-08-13 16:00:00-04:00,17.15,17.93,16.9,17.55,504321,0.0,0.0,0.0,0.0,0.0
2009-08-14 16:00:00-04:00,17.55,17.55,16.8625,17.05,494048,0.0,0.0,0.0,0.0,0.0
2009-08-17 16:00:00-04:00,17.0,17.0,16.7,16.75,279575,0.0,0.0,0.0,0.0,0.0
2009-08-18 16:00:00-04:00,16.88,17.13,16.68,17.01,132711,0.0,0.0,0.0,0.0,0.0
2009-08-19 16:00:00-04:00,16.95,17.11,16.81,16.92,117468,0.0,0.0,0.0,0.0,0.0
2009-08-20 16:00:00-04:00,16.93,16.93,16.44,16.76,602494,0.0,0.0,0.0,0.0,0.0
2009-08-21 16:00:00-04:00,16.96,17.33,16.87,16.98,255667,0.0,0.0,0.0,0.0,0.0
2009-08-24 16:00:00-04:00,17.04,17.27,16.77,17.15,239612,0.0,0.0,0.0,0.0,0.0
2009-08-25 16:00:00-04:00,17.15,17.3005,16.94,17.23,299122,0.0,0.0,0.0,0.0,0.0
2009-08-26 16:00:00-04:00,17.13,17.66,17.13,17.54,172663,0.0,0.0,0.0,0.0,0.0
2009-08-27 16:00:00-04:00,17.52,17.56,17.2,17.4,198402,0.0,0.0,0.0,0.0,0.0
2009-08-28 16:00:00-04:00,17.52,17.53,17.25,17.29,251658,0.0,0.0,0.0,0.0,0.0
2009-08-31 16:00:00-04:00,17.29,17.5,17.14,17.15,382115,0.0,0.0,0.0,0.0,0.0
2009-09-01 16:00:00-04:00,17.12,17.36,16.46,16.6,185183,0.0,0.0,0.0,0.0,0.0
2009-09-02 16:00:00-04:00,16.61,16.68,16.11,16.18,435501,0.0,0.0,0.0,0.0,0.0
2009-09-03 16:00:00-04:00,16.34,16.55,15.95,16.5,177860,0.0,0.0,0.0,0.0,0.0
2009-09-04 16:00:00-04:00,16.09,16.75,16.09,16.62,92084,0.0,0.0,0.0,0.0,0.0
2009-09-08 16:00:00-04:00,16.68,16.92,16.6,16.89,133590,0.0,0.0,0.0,0.0,0.0
2009-09-09 16:00:00-04:00,16.9,17.26,16.72,17.19,188544,0.0,0.0,0.0,0.0,0.0
2009-09-10 16:00:00-04:00,17.21,17.28,16.98,17.03,117387,0.0,0.0,0.0,0.0,0.0
2009-09-11 16:00:00-04:00,16.95,17.04,16.65,16.73,75300,0.0,0.0,0.0,0.0,0.0
2009-09-14 16:00:00-04:00,16.71,17.0,16.71,16.85,219488,0.0,0.0,0.0,0.0,0.0
2009-09-15 16:00:00-04:00,16.96,17.13,16.8,16.9,219176,0.0,0.0,0.0,0.0,0.0
2009-09-16 16:00:00-04:00,17.0,17.07,16.76,16.82,343085,0.0,0.0,0.0,0.0,0.0
2009-09-17 16:00:00-04:00,16.84,17.27,16.67,16.81,214526,0.0,0.0,0.0,0.0,0.0
2009-09-18 16:00:00-04:00,16.8,16.91,16.5,16.56,366537,0.0,0.0,0.0,0.0,0.0
2009-09-21 16:00:00-04:00,16.37,16.73,15.97,16.34,489099,0.0,0.0,0.0,0.0,0.0
2009-09-22 16:00:00-04:00,16.37,16.46,15.29,15.37,629662,0.0,0.0,0.0,0.0,0.0
2009-09-23 16:00:00-04:00,15.59,15.6999,15.1,15.18,332208,0.0,0.0,0.0,0.0,0.0
2009-09-24 16:00:00-04:00,15.22,15.44,14.64,14.91,368001,0.0,0.0,0.0,0.0,0.0
2009-09-25 16:00:00-04:00,14.83,14.9379,14.56,14.77,413727,0.0,0.0,0.0,0.0,0.0
2009-09-28 16:00:00-04:00,14.91,15.19,14.5,14.66,632911,0.0,0.0,0.0,0.0,0.0
2009-09-29 16:00:00-04:00,14.63,15.28,14.57,15.1,623393,0.0,0.0,0.0,0.0,0.0
2009-09-30 16:00:00-04:00,14.98,15.2499,14.613,14.99,513965,0.0,0.0,0.0,0.0,0.0
2009-10-01 16:00:00-04:00,14.99,15.05,14.6,14.77,555331,0.0,0.0,0.0,0.0,0.0
2009-10-02 16:00:00-04:00,14.69,14.79,14.28,14.3,203642,0.0,0.0,0.0,0.0,0.0
2009-10-05 16:00:00-04:00,14.39,15.108,14.101,14.84,515825,0.0,0.0,0.0,0.0,0.0
2009-10-06 16:00:00-04:00,14.88,15.07,14.8525,14.98,434194,0.0,0.0,0.0,0.0,0.0
2009-10-07 16:00:00-04:00,15.93,16.21,15.67,16.04,1031667,0.0,0.0,0.0,0.0,0.0
2009-10-08 16:00:00-04:00,16.13,16.34,15.91,15.93,599712,0.0,0.0,0.0,0.0,0.0
2009-10-09 16:00:00-04:00,15.88,16.13,15.854,16.09,356093,0.0,0.0,0.0,0.0,0.0
2009-10-12 16:00:00-04:00,16.0,16.49,15.99,16.35,371581,0.0,0.0,0.0,0.0,0.0
2009-10-13 16:00:00-04:00,16.35,16.83,16.24,16.52,2842793,0.0,0.0,0.0,0.0,0.0
2009-10-14 16:00:00-04:00,16.55,16.75,16.48,16.66,764058,0.0,0.0,0.0,0.0,0.0
2009-10-15 16:00:00-04:00,16.66,16.86,16.6,16.78,389583,0.0,0.0,0.0,0.0,0.0
2009-10-16 16:00:00-04:00,16.79,17.1,16.53,17.02,526129,0.0,0.0,0.0,0.0,0.0
2009-10-19 16:00:00-04:00,17.12,17.45,17.0,17.24,720172,0.0,0.0,0.0,0.0,0.0
2009-10-20 16:00:00-04:00,17.19,17.44,16.62,16.65,1044466,0.0,0.0,0.0,0.0,0.0
2009-10-21 16:00:00-04:00,16.61,17.1,16.49,16.65,670815,0.0,0.0,0.0,0.0,0.0
2009-10-22 16:00:00-04:00,16.58,17.34,16.58,17.0,741625,0.0,0.0,0.0,0.0,0.0
2009-10-23 16:00:00-04:00,16.02,16.55,15.5101,16.45,1108215,0.0,0.0,0.0,0.0,0.0
2009-10-26 16:00:00-04:00,16.35,16.64,16.34,16.44,901529,0.0,0.0,0.0,0.0,0.0
2009-10-27 16:00:00-04:00,16.45,16.45,15.78,16.0,678850,0.0,0.0,0.0,0.0,0.0
2009-10-28 16:00:00-04:00,15.93,16.35,15.87,16.0,727844,0.0,0.0,0.0,0.0,0.0
2009-10-29 16:00:00-04:00,16.09,16.52,15.98,16.27,563956,0.0,0.0,0.0,0.0,0.0
2009-10-30 16:00:00-04:00,16.32,16.42,15.95,15.96,506429,0.0,0.0,0.0,0.0,0.0
2009-11-02 16:00:00-05:00,16.0,16.11,15.38,15.52,619196,0.0,0.0,0.0,0.0,0.0
2009-11-03 16:00:00-05:00,15.53,16.2,15.52,16.17,476591,0.0,0.0,0.0,0.0,0.0
2009-11-04 16:00:00-05:00,16.2,16.66,15.99,16.46,659469,0.0,0.0,0.0,0.0,0.0
2009-11-05 16:00:00-05:00,16.54,17.18,16.54,17.05,411623,0.0,0.0,0.0,0.0,0.0
2009-11-06 16:00:00-05:00,17.05,17.21,16.87,17.04,262063,0.0,0.0,0.0,0.0,0.0
2009-11-09 16:00:00-05:00,17.18,17.48,17.15,17.29,563606,0.0,0.0,0.0,0.0,0.0
2009-11-10 16:00:00-05:00,17.25,17.64,17.25,17.47,545138,0.0,0.0,0.0,0.0,0.0
2009-11-11 16:00:00-05:00,17.66,17.67,17.38,17.42,272112,0.0,0.0,0.0,0.0,0.0
2009-11-12 16:00:00-05:00,17.44,17.75,17.33,17.42,291474,0.0,0.0,0.0,0.0,0.0
2009-11-13 16:00:00-05:00,17.55,17.59,17.22,17.47,333358,0.0,0.0,0.0,0.0,0.0
2009-11-16 16:00:00-05:00,17.5,17.8,17.46,17.62,389780,0.0,0.0,0.0,0.0,0.0
2009-11-17 16:00:00-05:00,17.57,17.71,17.4,17.48,255858,0.0,0.0,0.0,0.0,0.0
2009-11-18 16:00:00-05:00,17.52,17.63,17.25,17.31,156870,0.0,0.0,0.0,0.0,0.0
2009-11-19 16:00:00-05:00,17.21,17.3,16.97,17.17,304867,0.0,0.0,0.0,0.0,0.0
2009-11-20 16:00:00-05:00,17.03,17.35,16.91,17.27,211881,0.0,0.0,0.0,0.0,0.0
2009-11-23 16:00:00-05:00,17.27,17.72,17.26,17.6,213877,0.0,0.0,0.0,0.0,0.0
2009-11-24 16:00:00-05:00,17.56,17.595,16.87,17.25,426748,0.0,0.0,0.0,0.0,0.0
2009-11-25 16:00:00-05:00,17.26,17.37,17.03,17.15,163468,0.0,0.0,0.0,0.0,0.0
2009-11-27 13:00:00-05:00,16.8,17.2065,16.67,16.75,234956,0.0,0.0,0.0,0.0,0.0
2009-11-30 16:00:00-05:00,16.69,17.15,16.37,17.07,498088,0.0,0.0,0.0,0.0,0.0
2009-12-01 16:00:00-05:00,17.18,17.6,17.17,17.5,521957,0.0,0.0,0.0,0.0,0.0
2009-12-02 16:00:00-05:00,17.46,18.07,17.42,17.98,554683,0.0,0.0,0.0,0.0,0.0
2009-12-03 16:00:00-05:00,18.07,18.27,17.4,17.4,246667,0.0,0.0,0.0,0.0,0.0
2009-12-04 16:00:00-05:00,17.52,18.06,17.22,17.81,434727,0.0,0.0,0.0,0.0,0.0
2009-12-07 16:00:00-05:00,17.86,18.06,17.73,17.85,186756,0.0,0.0,0.0,0.0,0.0
2009-12-08 16:00:00-05:00,17.8,17.9,17.45,17.67,528296,0.0,0.0,0.0,0.0,0.0
2009-12-09 16:00:00-05:00,17.7,17.73,17.44,17.57,221829,0.0,0.0,0.0,0.0,0.0
2009-12-10 16:00:00-05:00,17.55,17.77,17.36,17.46,167330,0.0,0.0,0.0,0.0,0.0
2009-12-11 16:00:00-05:00,17.48,17.8,17.45,17.65,171702,0.0,0.0,0.0,0.0,0.0
2009-12-14 16:00:00-05:00,17.7,17.98,17.37,17.98,190218,0.0,0.0,0.0,0.0,0.0
2009-12-15 16:00:00-05:00,17.89,18.2,17.695,18.07,286261,0.0,0.0,0.0,0.0,0.0
2009-12-16 16:00:00-05:00,18.14,18.61,17.993,18.57,252334,0.0,0.0,0.0,0.0,0.0
2009-12-17 16:00:00-05:00,18.38,18.53,18.3,18.41,117044,0.0,0.0,0.0,0.0,0.0
2009-12-18 16:00:00-05:00,18.57,19.17,18.4,19.02,650931,0.0,0.0,0.0,0.0,0.0
2009-12-21 16:00:00-05:00,19.05,19.08,18.79,18.89,360509,0.0,0.0,0.0,0.0,0.0
2009-12-22 16:00:00-05:00,18.92,19.28,18.89,19.02,208767,0.0,0.0,0.0,0.0,0.0
2009-12-23 16:00:00-05:00,19.1,19.289,19.02,19.03,417072,0.0,0.0,0.0,0.0,0.0
2009-12-24 13:00:00-05:00,19.1,19.1,18.7,18.81,94080,0.0,0.0,0.0,0.0,0.0
2009-12-28 16:00:00-05:00,18.85,18.87,18.48,18.68,207048,0.0,0.0,0.0,0.0,0.0
2009-12-29 16:00:00-05:00,18.66,18.85,18.55,18.78,152913,0.0,0.0,0.0,0.0,0.0
2009-12-30 16:00:00-05:00,18.77,18.92,18.55,18.71,237339,0.0,0.0,0.0,0.0,0.0
2009-12-31 16:00:00-05:00,18.76,19.2,18.76,18.83,202535,0.0,0.0,0.0,0.0,0.0
2010-01-04 16:00:00-05:00,18.94,19.03,18.61,18.75,123179,0.0,0.0,0.0,0.0,0.0
2010-01-05 16:00:00-05:00,18.78,19.43,18.42,18.96,383564,0.0,0.0,0.0,0.0,0.0
2010-01-06 16:00:00-05:00,18.9,19.13,18.771,18.95,253217,0.0,0.0,0.0,0.0,0.0
2010-01-07 16:00:00-05:00,18.91,19.02,18.71,18.8,145743,0.0,0.0,0.0,0.0,0.0
2010-01-08 16:00:00-05:00,19.05,21.14,19.035,20.65,1194661,0.0,0.0,0.0,0.0,0.0
2010-01-11 16:00:00-05:00,20.79,21.03,20.11,20.77,483155,0.0,0.0,0.0,0.0,0.0
2010-01-12 16:00:00-05:00,20.71,21.3,20.24,20.95,334695,0.0,0.0,0.0,0.0,0.0
2010-01-13 16:00:00-05:00,20.97,22.27,20.82,21.82,511667,0.0,0.0,0.0,0.0,0.0
2010-01-14 16:00:00-05:00,21.81,22.91,21.72,22.48,511534,0.0,0.0,0.0,0.0,0.0
2010-01-15 16:00:00-05:00,22.59,22.8,21.98,22.14,445205,0.0,0.0,0.0,0.0,0.0
2010-01-19 16:00:00-05:00,22.14,22.83,22.13,22.35,339363,0.0,0.0,0.0,0.0,0.0
2010-01-20 16:00:00-05:00,22.28,22.78,22.28,22.5,345068,0.0,0.0,0.0,0.0,0.0
2010-01-21 16:00:00-05:00,22.6,22.88,22.09,22.18,330291,0.0,0.0,0.0,0.0,0.0
2010-01-22 16:00:00-05:00,22.23,22.32,21.75,21.95,311477,0.0,0.0,0.0,0.0,0.0
2010-01-25 16:00:00-05:00,22.16,22.18,21.18,21.27,303619,0.0,0.0,0.0,0.0,0.0
2010-01-26 16:00:00-05:00,21.28,21.52,21.23,21.33,172043,0.0,0.0,0.0,0.0,0.0
2010-01-27 16:00:00-05:00,21.29,21.6,21.28,21.48,241631,0.0,0.0,0.0,0.0,0.0
2010-01-28 16:00:00-05:00,21.53,21.53,20.88,21.11,190169,0.0,0.0,0.0,0.0,0.0
2010-01-29 16:00:00-05:00,21.21,21.67,21.14,21.14,320631,0.0,0.0,0.0,0.0,0.0
2010-02-01 16:00:00-05:00,21.15,21.45,21.1001,21.45,191333,0.0,0.0,0.0,0.0,0.0
2010-02-02 16:00:00-05:00,21.35,21.85,21.32,21.7,344736,0.0,0.0,0.0,0.0,0.0
2010-02-03 16:00:00-05:00,21.59,22.01,21.46,21.56,189660,0.0,0.0,0.0,0.0,0.0
2010-02-04 16:00:00-05:00,21.52,21.57,20.85,20.9,204178,0.0,0.0,0.0,0.0,0.0
2010-02-05 16:00:00-05:00,20.89,21.01,20.37,20.4,476934,0.0,0.0,0.0,0.0,0.0
2010-02-08 16:00:00-05:00,20.4,20.62,20.15,20.38,403118,0.0,0.0,0.0,0.0,0.0
2010-02-09 16:00:00-05:00,20.58,20.98,20.36,20.91,400077,0.0,0.0,0.0,0.0,0.0
2010-02-10 16:00:00-05:00,20.91,21.075,20.76,20.95,258643,0.0,0.0,0.0,0.0,0.0
2010-02-11 16:00:00-05:00,20.84,21.18,20.59,21.16,451334,0.0,0.0,0.0,0.0,0.0
2010-02-12 16:00:00-05:00,20.61,20.84,19.99,20.76,1073332,0.0,0.0,0.0,0.0,0.0
2010-02-16 16:00:00-05:00,20.84,21.19,20.78,21.11,301626,0.0,0.0,0.0,0.0,0.0
2010-02-17 16:00:00-05:00,21.19,21.42,21.14,21.37,179377,0.0,0.0,0.0,0.0,0.0
2010-02-18 16:00:00-05:00,21.42,21.42,20.8,20.94,276887,0.0,0.0,0.0,0.0,0.0
2010-02-19 16:00:00-05:00,20.96,21.48,20.75,21.47,177608,0.0,0.0,0.0,0.0,0.0
2010-02-22 16:00:00-05:00,21.5,21.5891,21.08,21.34,172068,0.0,0.0,0.0,0.0,0.0
2010-02-23 16:00:00-05:00,21.34,21.68,21.14,21.55,212259,0.0,0.0,0.0,0.0,0.0
2010-02-24 16:00:00-05:00,21.56,21.82,21.52,21.69,97567,0.0,0.0,0.0,0.0,0.0
2010-02-25 16:00:00-05:00,21.49,21.77,21.3701,21.54,95822,0.0,0.0,0.0,0.0,0.0
2010-02-26 16:00:00-05:00,21.62,21.62,21.398,21.4,121167,0.0,0.0,0.0,0.0,0.0
2010-03-01 16:00:00-05:00,21.43,21.97,21.43,21.81,127898,0.0,0.0,0.0,0.0,0.0
2010-03-02 16:00:00-05:00,21.81,22.04,21.76,22.02,97717,0.0,0.0,0.0,0.0,0.0
2010-03-03 16:00:00-05:00,22.0,22.34,21.85,22.1,117918,0.0,0.0,0.0,0.0,0.0
2010-03-04 16:00:00-05:00,22.15,22.17,22.0,22.08,45333,0.0,0.0,0.0,0.0,0.0
2010-03-05 16:00:00-05:00,22.2,22.48,21.93,22.0,243047,0.0,0.0,0.0,0.0,0.0
2010-03-08 16:00:00-05:00,22.06,22.63,21.91,22.57,175914,0.0,0.0,0.0,0.0,0.0
2010-03-09 16:00:00-05:00,22.55,23.14,22.43,23.04,163380,0.0,0.0,0.0,0.0,0.0
2010-03-10 16:00:00-05:00,22.94,23.49,22.91,23.45,167595,0.0,0.0,0.0,0.0,0.0
2010-03-11 16:00:00-05:00,23.41,24.02,22.42,23.64,385208,0.0,0.0,0.0,0.0,0.0
2010-03-12 16:00:00-05:00,23.6,24.18,23.6,24.12,287900,0.0,0.0,0.0,0.0,0.0
2010-03-15 16:00:00-04:00,24.12,24.54,23.97,24.29,454657,0.0,0.0,0.0,0.0,0.0
2010-03-16 16:00:00-04:00,24.4,24.526,24.0,24.11,122163,0.0,0.0,0.0,0.0,0.0
2010-03-17 16:00:00-04:00,24.07,24.37,24.06,24.09,108870,0.0,0.0,0.0,0.0,0.0
2010-03-18 16:00:00-04:00,24.01,24.7,24.01,24.31,171593,0.0,0.0,0.0,0.0,0.0
2010-03-19 16:00:00-04:00,24.43,24.43,23.64,23.69,174034,0.0,0.0,0.0,0.0,0.0
2010-03-22 16:00:00-04:00,23.61,24.13,23.55,24.09,82712,0.0,0.0,0.0,0.0,0.0
2010-03-23 16:00:00-04:00,24.15,24.445,23.86,24.29,138856,0.0,0.0,0.0,0.0,0.0
2010-03-24 16:00:00-04:00,24.27,24.64,24.16,24.23,90335,0.0,0.0,0.0,0.0,0.0
2010-03-25 16:00:00-04:00,24.25,24.52,23.89,23.89,115049,0.0,0.0,0.0,0.0,0.0
2010-03-26 16:00:00-04:00,24.02,24.3799,23.8,23.9,89636,0.0,0.0,0.0,0.0,0.0
2010-03-29 16:00:00-04:00,24.0,24.0,23.62,23.83,125056,0.0,0.0,0.0,0.0,0.0
2010-03-30 16:00:00-04:00,23.85,23.95,23.37,23.41,89465,0.0,0.0,0.0,0.0,0.0
2010-03-31 16:00:00-04:00,23.41,23.78,23.3,23.3,134112,0.0,0.0,0.0,0.0,0.0
2010-04-05 16:00:00-04:00,23.18,23.22,22.9,22.99,262684,0.0,0.0,0.0,0.0,0.0
2010-04-06 16:00:00-04:00,22.97,23.48,22.725,23.45,120500,0.0,0.0,0.0,0.0,0.0
2010-04-07 16:00:00-04:00,23.49,24.38,23.47,23.85,238884,0.0,0.0,0.0,0.0,0.0
2010-04-08 16:00:00-04:00,23.85,24.77,23.72,24.57,233592,0.0,0.0,0.0,0.0,0.0
2010-04-09 16:00:00-04:00,24.68,24.68,24.23,24.4,130560,0.0,0.0,0.0,0.0,0.0
2010-04-12 16:00:00-04:00,24.46,24.78,24.4,24.76,158229,0.0,0.0,0.0,0.0,0.0
2010-04-13 16:00:00-04:00,24.77,25.17,24.6,25.08,242798,0.0,0.0,0.0,0.0,0.0
2010-04-14 16:00:00-04:00,25.31,26.325,25.25,25.57,385420,0.0,0.0,0.0,0.0,0.0
2010-04-15 16:00:00-04:00,25.63,26.08,25.48,25.82,135644,0.0,0.0,0.0,0.0,0.0
2010-04-16 16:00:00-04:00,25.84,26.28,25.53,26.02,285941,0.0,0.0,0.0,0.0,0.0
2010-04-19 16:00:00-04:00,25.83,26.53,25.56,26.17,568653,0.0,0.0,0.0,0.0,0.0
2010-04-20 16:00:00-04:00,26.33,27.03,26.3,27.02,296967,0.0,0.0,0.0,0.0,0.0
2010-04-21 16:00:00-04:00,26.93,27.03,26.52,26.75,373072,0.0,0.0,0.0,0.0,0.0
2010-04-22 16:00:00-04:00,26.64,27.37,26.61,27.12,342883,0.0,0.0,0.0,0.0,0.0
2010-04-23 16:00:00-04:00,26.99,27.64,26.5701,27.53,370085,0.0,0.0,0.0,0.0,0.0
2010-04-26 16:00:00-04:00,27.25,27.55,26.36,26.38,446727,0.0,0.0,0.0,0.0,0.0
2010-04-27 16:00:00-04:00,26.34,26.75,25.72,26.02,284601,0.0,0.0,0.0,0.0,0.0
2010-04-28 16:00:00-04:00,25.93,25.94,24.32,24.4,778668,0.0,0.0,0.0,0.0,0.0
2010-04-29 16:00:00-04:00,24.41,25.0,23.89,24.88,355524,0.0,0.0,0.0,0.0,0.0
2010-04-30 16:00:00-04:00,24.96,25.05,24.11,24.13,232591,0.0,0.0,0.0,0.0,0.0
2010-05-03 16:00:00-04:00,24.09,25.06,24.06,25.0,243540,0.0,0.0,0.0,0.0,0.0
2010-05-04 16:00:00-04:00,24.82,24.82,23.76,23.85,304437,0.0,0.0,0.0,0.0,0.0
2010-05-05 16:00:00-04:00,23.75,23.88,23.26,23.39,198674,0.0,0.0,0.0,0.0,0.0
2010-05-06 16:00:00-04:00,23.31,23.61,21.65,22.89,370960,0.0,0.0,0.0,0.0,0.0
2010-05-07 16:00:00-04:00,22.8,23.3,22.246,22.56,381301,0.0,0.0,0.0,0.0,0.0
2010-05-10 16:00:00-04:00,23.09,23.82,22.57,23.79,279896,0.0,0.0,0.0,0.0,0.0
2010-05-11 16:00:00-04:00,23.56,24.17,23.56,23.76,248114,0.0,0.0,0.0,0.0,0.0
2010-05-12 16:00:00-04:00,24.0,24.5,23.99,24.02,481247,0.0,0.0,0.0,0.0,0.0
2010-05-13 16:00:00-04:00,24.0,24.6,23.575,23.82,197264,0.0,0.0,0.0,0.0,0.0
2010-05-14 16:00:00-04:00,23.69,23.81,23.13,23.36,170343,0.0,0.0,0.0,0.0,0.0
2010-05-17 16:00:00-04:00,23.47,23.645,22.81,23.56,225462,0.0,0.0,0.0,0.0,0.0
2010-05-18 16:00:00-04:00,23.76,24.2999,23.13,23.19,206082,0.0,0.0,0.0,0.0,0.0
2010-05-19 16:00:00-04:00,23.07,23.23,22.63,23.05,190603,0.0,0.0,0.0,0.0,0.0
2010-05-20 16:00:00-04:00,22.72,22.95,22.13,22.18,254531,0.0,0.0,0.0,0.0,0.0
2010-05-21 16:00:00-04:00,22.03,23.13,21.65,23.08,425469,0.0,0.0,0.0,0.0,0.0
2010-05-24 16:00:00-04:00,23.06,23.61,23.05,23.33,339980,0.0,0.0,0.0,0.0,0.0
2010-05-25 16:00:00-04:00,23.0,23.29,22.63,23.0,284972,0.0,0.0,0.0,0.0,0.0
2010-05-26 16:00:00-04:00,23.01,23.56,22.94,23.05,206426,0.0,0.0,0.0,0.0,0.0
2010-05-27 16:00:00-04:00,23.36,23.48,23.11,23.44,212386,0.0,0.0,0.0,0.0,0.0
2010-05-28 16:00:00-04:00,23.29,23.525,23.11,23.19,119576,0.0,0.0,0.0,0.0,0.0
2010-06-01 16:00:00-04:00,23.21,23.83,23.21,23.34,216344,0.0,0.0,0.0,0.0,0.0
2010-06-02 16:00:00-04:00,23.56,24.95,23.24,24.9,714635,0.0,0.0,0.0,0.0,0.0
2010-06-03 16:00:00-04:00,24.79,25.21,24.33,24.62,140551,0.0,0.0,0.0,0.0,0.0
2010-06-04 16:00:00-04:00,24.04,24.17,23.52,23.56,199466,0.0,0.0,0.0,0.0,0.0
2010-06-07 16:00:00-04:00,23.63,23.63,22.5,22.52,190215,0.0,0.0,0.0,0.0,0.0
2010-06-08 16:00:00-04:00,22.56,22.72,21.74,22.11,232071,0.0,0.0,0.0,0.0,0.0
2010-06-09 16:00:00-04:00,22.16,23.07,22.05,22.49,228706,0.0,0.0,0.0,0.0,0.0
2010-06-10 16:00:00-04:00,22.74,23.3,22.49,23.3,268994,0.0,0.0,0.0,0.0,0.0
2010-06-11 16:00:00-04:00,23.18,24.05,23.03,24.02,279947,0.0,0.0,0.0,0.0,0.0
2010-06-14 16:00:00-04:00,24.26,24.95,24.26,24.44,244298,0.0,0.0,0.0,0.0,0.0
2010-06-15 16:00:00-04:00,24.69,24.89,24.28,24.56,139061,0.0,0.0,0.0,0.0,0.0
2010-06-16 16:00:00-04:00,24.47,24.62,24.2,24.48,110133,0.0,0.0,0.0,0.0,0.0
2010-06-17 16:00:00-04:00,24.65,25.42,24.46,25.23,304879,0.0,0.0,0.0,0.0,0.0
2010-06-18 16:00:00-04:00,25.4,25.72,24.9,25.63,219673,0.0,0.0,0.0,0.0,0.0
2010-06-21 16:00:00-04:00,25.87,25.87,24.9,25.09,259970,0.0,0.0,0.0,0.0,0.0
2010-06-22 16:00:00-04:00,25.23,25.85,24.4,24.48,337436,0.0,0.0,0.0,0.0,0.0
2010-06-23 16:00:00-04:00,24.5,24.6,24.01,24.52,188943,0.0,0.0,0.0,0.0,0.0
2010-06-24 16:00:00-04:00,24.33,24.59,24.05,24.12,168483,0.0,0.0,0.0,0.0,0.0
2010-06-25 16:00:00-04:00,24.22,24.59,23.84,24.39,370460,0.0,0.0,0.0,0.0,0.0
2010-06-28 16:00:00-04:00,24.49,24.66,24.31,24.41,107818,0.0,0.0,0.0,0.0,0.0
2010-06-29 16:00:00-04:00,24.12,24.33,23.74,23.95,161711,0.0,0.0,0.0,0.0,0.0
2010-06-30 16:00:00-04:00,24.01,24.37,23.5,23.6,199198,0.0,0.0,0.0,0.0,0.0
2010-07-01 16:00:00-04:00,23.72,23.74,22.83,23.02,612431,0.0,0.0,0.0,0.0,0.0
2010-07-02 16:00:00-04:00,23.12,23.27,22.65,22.7,133451,0.0,0.0,0.0,0.0,0.0
2010-07-06 16:00:00-04:00,23.06,23.19,21.28,21.44,383085,0.0,0.0,0.0,0.0,0.0
2010-07-07 16:00:00-04:00,21.5,22.2,21.11,22.11,276541,0.0,0.0,0.0,0.0,0.0
2010-07-08 16:00:00-04:00,22.25,22.69,21.88,22.61,181896,0.0,0.0,0.0,0.0,0.0
2010-07-09 16:00:00-04:00,22.52,23.21,22.45,23.19,211208,0.0,0.0,0.0,0.0,0.0
2010-07-12 16:00:00-04:00,23.06,23.42,22.75,23.1,176062,0.0,0.0,0.0,0.0,0.0
2010-07-13 16:00:00-04:00,23.28,24.38,23.18,24.25,238744,0.0,0.0,0.0,0.0,0.0
2010-07-14 16:00:00-04:00,24.1,24.32,23.83,24.21,103442,0.0,0.0,0.0,0.0,0.0
2010-07-15 16:00:00-04:00,24.18,24.35,23.685,24.24,143722,0.0,0.0,0.0,0.0,0.0
2010-07-16 16:00:00-04:00,24.11,24.37,23.38,23.79,204433,0.0,0.0,0.0,0.0,0.0
2010-07-19 16:00:00-04:00,23.79,23.83,22.97,23.07,249370,0.0,0.0,0.0,0.0,0.0
2010-07-20 16:00:00-04:00,22.81,23.59,22.55,23.48,191078,0.0,0.0,0.0,0.0,0.0
2010-07-21 16:00:00-04:00,23.62,23.62,23.0,23.12,158044,0.0,0.0,0.0,0.0,0.0
2010-07-22 16:00:00-04:00,23.28,24.74,23.28,24.7,367418,0.0,0.0,0.0,0.0,0.0
2010-07-23 16:00:00-04:00,24.49,25.94,23.732,25.49,440907,0.0,0.0,0.0,0.0,0.0
2010-07-26 16:00:00-04:00,25.79,26.43,25.62,26.41,290855,0.0,0.0,0.0,0.0,0.0
2010-07-27 16:00:00-04:00,26.47,26.77,25.98,26.03,216109,0.0,0.0,0.0,0.0,0.0
2010-07-28 16:00:00-04:00,25.81,26.08,25.62,25.84,291589,0.0,0.0,0.0,0.0,0.0
2010-07-29 16:00:00-04:00,26.09,26.21,25.08,25.62,144986,0.0,0.0,0.0,0.0,0.0
2010-07-30 16:00:00-04:00,25.17,25.58,25.09,25.5,170835,0.0,0.0,0.0,0.0,0.0
2010-08-02 16:00:00-04:00,25.78,25.99,25.11,25.57,127334,0.0,0.0,0.0,0.0,0.0
2010-08-03 16:00:00-04:00,25.56,25.73,25.0,25.6,243212,0.0,0.0,0.0,0.0,0.0
2010-08-04 16:00:00-04:00,25.63,26.06,25.44,25.95,264076,0.0,0.0,0.0,0.0,0.0
2010-08-05 16:00:00-04:00,25.87,26.08,25.5,25.52,105220,0.0,0.0,0.0,0.0,0.0
2010-08-06 16:00:00-04:00,25.32,25.63,24.81,25.56,93296,0.0,0.0,0.0,0.0,0.0
2010-08-09 16:00:00-04:00,25.73,25.98,25.55,25.97,160480,0.0,0.0,0.0,0.0,0.0
2010-08-10 16:00:00-04:00,25.74,26.07,25.51,25.72,165069,0.0,0.0,0.0,0.0,0.0
2010-08-11 16:00:00-04:00,25.31,25.35,24.72,24.81,134225,0.0,0.0,0.0,0.0,0.0
2010-08-12 16:00:00-04:00,24.41,24.98,24.19,24.31,174730,0.0,0.0,0.0,0.0,0.0
2010-08-13 16:00:00-04:00,24.17,24.21,23.62,23.64,193054,0.0,0.0,0.0,0.0,0.0
2010-08-16 16:00:00-04:00,23.52,24.2,23.27,23.95,134633,0.0,0.0,0.0,0.0,0.0
2010-08-17 16:00:00-04:00,24.22,24.75,23.906,24.6,214394,0.0,0.0,0.0,0.0,0.0
2010-08-18 16:00:00-04:00,24.65,25.31,24.25,25.0,141097,0.0,0.0,0.0,0.0,0.0
2010-08-19 16:00:00-04:00,25.0,25.0,24.06,24.32,140586,0.0,0.0,0.0,0.0,0.0
2010-08-20 16:00:00-04:00,24.29,24.39,23.6,24.28,157830,0.0,0.0,0.0,0.0,0.0
2010-08-23 16:00:00-04:00,24.44,24.65,24.25,24.28,76974,0.0,0.0,0.0,0.0,0.0
2010-08-24 16:00:00-04:00,24.14,24.14,23.4,23.74,160679,0.0,0.0,0.0,0.0,0.0
2010-08-25 16:00:00-04:00,23.65,24.59,23.65,24.49,94181,0.0,0.0,0.0,0.0,0.0
2010-08-26 16:00:00-04:00,24.58,24.74,24.34,24.51,89260,0.0,0.0,0.0,0.0,0.0
2010-08-27 16:00:00-04:00,24.62,25.0699,24.18,25.05,171924,0.0,0.0,0.0,0.0,0.0
2010-08-30 16:00:00-04:00,24.92,25.07,24.34,24.36,112515,0.0,0.0,0.0,0.0,0.0
2010-08-31 16:00:00-04:00,24.27,24.45,23.69,23.94,174111,0.0,0.0,0.0,0.0,0.0
2010-09-01 16:00:00-04:00,24.34,25.8,24.17,25.8,254462,0.0,0.0,0.0,0.0,0.0
2010-09-02 16:00:00-04:00,25.84,27.07,25.8,26.96,201002,0.0,0.0,0.0,0.0,0.0
2010-09-03 16:00:00-04:00,27.11,27.74,27.11,27.48,136231,0.0,0.0,0.0,0.0,0.0
2010-09-07 16:00:00-04:00,27.48,27.69,27.11,27.27,83116,0.0,0.0,0.0,0.0,0.0
2010-09-08 16:00:00-04:00,27.41,27.65,27.09,27.32,86300,0.0,0.0,0.0,0.0,0.0
2010-09-09 16:00:00-04:00,27.55,27.63,26.86,27.16,53009,0.0,0.0,0.0,0.0,0.0
2010-09-10 16:00:00-04:00,27.31,27.45,26.55,26.78,123849,0.0,0.0,0.0,0.0,0.0
2010-09-13 16:00:00-04:00,26.96,27.88,26.96,27.72,165198,0.0,0.0,0.0,0.0,0.0
2010-09-14 16:00:00-04:00,27.52,27.74,27.36,27.43,129811,0.0,0.0,0.0,0.0,0.0
2010-09-15 16:00:00-04:00,27.27,27.49,27.05,27.38,129547,0.0,0.0,0.0,0.0,0.0
2010-09-16 16:00:00-04:00,27.26,27.26,26.27,26.81,317694,0.0,0.0,0.0,0.0,0.0
2010-09-17 16:00:00-04:00,27.19,27.22,26.4839,26.78,355806,0.0,0.0,0.0,0.0,0.0
2010-09-20 16:00:00-04:00,26.84,27.23,26.72,26.97,160577,0.0,0.0,0.0,0.0,0.0
2010-09-21 16:00:00-04:00,27.09,27.5,26.96,27.41,197216,0.0,0.0,0.0,0.0,0.0
2010-09-22 16:00:00-04:00,27.31,27.69,27.02,27.6,289981,0.0,0.0,0.0,0.0,0.0
2010-09-23 16:00:00-04:00,27.36,27.7299,26.82,26.99,169377,0.0,0.0,0.0,0.0,0.0
2010-09-24 16:00:00-04:00,27.35,28.1497,27.06,28.11,199300,0.0,0.0,0.0,0.0,0.0
2010-09-27 16:00:00-04:00,28.16,29.17,27.89,28.84,314748,0.0,0.0,0.0,0.0,0.0
2010-09-28 16:00:00-04:00,28.98,29.07,27.8303,28.3,409329,0.0,0.0,0.0,0.0,0.0
2010-09-29 16:00:00-04:00,28.15,28.48,27.93,28.28,167629,0.0,0.0,0.0,0.0,0.0
2010-09-30 16:00:00-04:00,28.38,28.66,27.7,28.16,183778,0.0,0.0,0.0,0.0,0.0
2010-10-01 16:00:00-04:00,28.48,28.66,27.85,28.47,111367,0.0,0.0,0.0,0.0,0.0
2010-10-04 16:00:00-04:00,28.43,28.75,28.24,28.66,148268,0.0,0.0,0.0,0.0,0.0
2010-10-05 16:00:00-04:00,28.75,29.66,28.71,29.33,236525,0.0,0.0,0.0,0.0,0.0
2010-10-06 16:00:00-04:00,29.32,29.34,28.67,28.82,186937,0.0,0.0,0.0,0.0,0.0
2010-10-07 16:00:00-04:00,28.98,29.1,28.43,29.08,274203,0.0,0.0,0.0,0.0,0.0
2010-10-08 16:00:00-04:00,29.15,29.44,28.76,29.31,182506,0.0,0.0,0.0,0.0,0.0
2010-10-11 16:00:00-04:00,29.35,29.81,28.75,29.59,93766,0.0,0.0,0.0,0.0,0.0
2010-10-12 16:00:00-04:00,28.74,29.25,28.26,28.81,261831,0.0,0.0,0.0,0.0,0.0
2010-10-13 16:00:00-04:00,28.93,29.11,28.51,28.86,182450,0.0,0.0,0.0,0.0,0.0
2010-10-14 16:00:00-04:00,28.76,29.2,28.71,29.14,103153,0.0,0.0,0.0,0.0,0.0
2010-10-15 16:00:00-04:00,29.49,29.6599,28.71,28.91,168325,0.0,0.0,0.0,0.0,0.0
2010-10-18 16:00:00-04:00,28.11,28.54,27.5,28.52,215639,0.0,0.0,0.0,0.0,0.0
2010-10-19 16:00:00-04:00,28.07,28.8,27.83,28.32,210471,0.0,0.0,0.0,0.0,0.0
2010-10-20 16:00:00-04:00,28.51,29.14,28.43,28.58,217691,0.0,0.0,0.0,0.0,0.0
2010-10-21 16:00:00-04:00,28.79,29.45,28.43,28.87,227525,0.0,0.0,0.0,0.0,0.0
2010-10-22 16:00:00-04:00,30.0,34.49,29.74,33.94,1469171,0.0,0.0,0.0,0.0,0.0
2010-10-25 16:00:00-04:00,34.12,35.34,34.12,34.99,537334,0.0,0.0,0.0,0.0,0.0
2010-10-26 16:00:00-04:00,34.81,35.575,34.67,35.13,288850,0.0,0.0,0.0,0.0,0.0
2010-10-27 16:00:00-04:00,34.17,34.46,32.86,33.09,1469761,0.0,0.0,0.0,0.0,0.0
2010-10-28 16:00:00-04:00,33.19,33.55,32.57,33.06,327327,0.0,0.0,0.0,0.0,0.0
2010-10-29 16:00:00-04:00,32.93,33.65,32.6801,33.15,187459,0.0,0.0,0.0,0.0,0.0
2010-11-01 16:00:00-04:00,33.14,33.14,32.05,32.61,245907,0.0,0.0,0.0,0.0,0.0
2010-11-02 16:00:00-04:00,32.69,33.53,32.33,32.61,412797,0.0,0.0,0.0,0.0,0.0
2010-11-03 16:00:00-04:00,32.65,33.18,32.51,33.11,397594,0.0,0.0,0.0,0.0,0.0
2010-11-04 16:00:00-04:00,33.7,34.5,33.48,34.34,583501,0.0,0.0,0.0,0.0,0.0
2010-11-05 16:00:00-04:00,34.35,34.67,34.19,34.65,189810,0.0,0.0,0.0,0.0,0.0
2010-11-08 16:00:00-05:00,34.69,36.11,34.69,36.02,773024,0.0,0.0,0.0,0.0,0.0
2010-11-09 16:00:00-05:00,35.91,36.35,35.0,35.3,440216,0.0,0.0,0.0,0.0,0.0
2010-11-10 16:00:00-05:00,35.46,35.65,34.8099,35.65,371272,0.0,0.0,0.0,0.0,0.0
2010-11-11 16:00:00-05:00,35.35,36.57,34.84,36.55,553204,0.0,0.0,0.0,0.0,0.0
2010-11-12 16:00:00-05:00,36.12,36.39,35.42,35.48,332860,0.0,0.0,0.0,0.0,0.0
2010-11-15 16:00:00-05:00,35.64,35.84,35.29,35.3,236080,0.0,0.0,0.0,0.0,0.0
2010-11-16 16:00:00-05:00,34.92,35.46,34.02,34.24,316278,0.0,0.0,0.0,0.0,0.0
2010-11-17 16:00:00-05:00,34.33,34.75,34.0,34.62,407779,0.0,0.0,0.0,0.0,0.0
2010-11-18 16:00:00-05:00,34.9,35.34,34.555,34.75,373395,0.0,0.0,0.0,0.0,0.0
2010-11-19 16:00:00-05:00,34.74,35.47,34.61,35.17,170955,0.0,0.0,0.0,0.0,0.0
2010-11-22 16:00:00-05:00,35.04,35.56,34.74,35.0,336670,0.0,0.0,0.0,0.0,0.0
2010-11-23 16:00:00-05:00,34.95,35.75,34.59,35.42,286795,0.0,0.0,0.0,0.0,0.0
2010-11-24 16:00:00-05:00,35.73,36.65,35.7,36.54,453704,0.0,0.0,0.0,0.0,0.0
2010-11-26 13:00:00-05:00,36.24,36.9,36.22,36.69,74435,0.0,0.0,0.0,0.0,0.0
2010-11-29 16:00:00-05:00,36.4,37.3,36.03,37.07,348980,0.0,0.0,0.0,0.0,0.0
2010-11-30 16:00:00-05:00,36.99,37.34,36.35,36.65,418569,0.0,0.0,0.0,0.0,0.0
2010-12-01 16:00:00-05:00,37.12,37.75,37.0,37.34,312417,0.0,0.0,0.0,0.0,0.0
2010-12-02 16:00:00-05:00,37.38,38.23,37.34,38.1,290689,0.0,0.0,0.0,0.0,0.0
2010-12-03 16:00:00-05:00,38.04,38.31,37.25,38.15,371502,0.0,0.0,0.0,0.0,0.0
2010-12-06 16:00:00-05:00,38.13,38.42,37.3919,38.03,460881,0.0,0.0,0.0,0.0,0.0
2010-12-07 16:00:00-05:00,38.56,39.05,38.49,38.7,287226,0.0,0.0,0.0,0.0,0.0
2010-12-08 16:00:00-05:00,38.85,38.88,38.26,38.32,152991,0.0,0.0,0.0,0.0,0.0
2010-12-09 16:00:00-05:00,38.76,39.06,38.12,38.62,258782,0.0,0.0,0.0,0.0,0.0
2010-12-10 16:00:00-05:00,38.79,38.97,38.14,38.95,178932,0.0,0.0,0.0,0.0,0.0
2010-12-13 16:00:00-05:00,39.3,39.317,38.12,38.13,457795,0.0,0.0,0.0,0.0,0.0
2010-12-14 16:00:00-05:00,38.12,38.29,36.78,36.99,485161,0.0,0.0,0.0,0.0,0.0
2010-12-15 16:00:00-05:00,36.86,37.505,36.65,36.86,316170,0.0,0.0,0.0,0.0,0.0
2010-12-16 16:00:00-05:00,37.02,37.79,36.66,37.46,404325,0.0,0.0,0.0,0.0,0.0
2010-12-17 16:00:00-05:00,37.5,38.2,37.16,38.11,282635,0.0,0.0,0.0,0.0,0.0
2010-12-20 16:00:00-05:00,38.2,38.5599,37.4,38.4,361458,0.0,0.0,0.0,0.0,0.0
2010-12-21 16:00:00-05:00,38.42,38.56,37.95,38.44,166064,0.0,0.0,0.0,0.0,0.0
2010-12-22 16:00:00-05:00,38.43,38.43,37.16,37.26,159549,0.0,0.0,0.0,0.0,0.0
2010-12-23 16:00:00-05:00,37.34,37.37,36.47,36.67,356370,0.0,0.0,0.0,0.0,0.0
2010-12-27 16:00:00-05:00,35.99,36.695,35.1201,36.61,197047,0.0,0.0,0.0,0.0,0.0
2010-12-28 16:00:00-05:00,36.63,36.85,35.86,36.18,167878,0.0,0.0,0.0,0.0,0.0
2010-12-29 16:00:00-05:00,36.21,36.36,35.91,35.95,110610,0.0,0.0,0.0,0.0,0.0
2010-12-30 16:00:00-05:00,35.94,36.45,35.82,36.36,151173,0.0,0.0,0.0,0.0,0.0
2010-12-31 16:00:00-05:00,36.47,36.58,35.43,35.43,210613,0.0,0.0,0.0,0.0,0.0
2011-01-03 16:00:00-05:00,35.61,36.37,35.22,35.62,287858,0.0,0.0,0.0,0.0,0.0
2011-01-04 16:00:00-05:00,35.23,35.62,33.09,33.6,1070266,0.0,0.0,0.0,0.0,0.0
2011-01-05 16:00:00-05:00,33.68,34.1,33.421,33.66,535879,0.0,0.0,0.0,0.0,0.0
2011-01-06 16:00:00-05:00,33.02,34.39,32.84,33.63,387066,0.0,0.0,0.0,0.0,0.0
2011-01-07 16:00:00-05:00,33.74,34.68,33.45,33.74,416608,0.0,0.0,0.0,0.0,0.0
2011-01-10 16:00:00-05:00,33.5,34.4,33.15,34.14,250211,0.0,0.0,0.0,0.0,0.0
2011-01-11 16:00:00-05:00,34.16,34.16,33.52,33.56,327012,0.0,0.0,0.0,0.0,0.0
2011-01-12 16:00:00-05:00,33.74,34.54,33.57,34.33,583054,0.0,0.0,0.0,0.0,0.0
2011-01-13 16:00:00-05:00,34.4,34.75,34.12,34.55,401565,0.0,0.0,0.0,0.0,0.0
2011-01-14 16:00:00-05:00,34.42,35.04,34.26,35.02,359907,0.0,0.0,0.0,0.0,0.0
2011-01-18 16:00:00-05:00,34.9,35.84,34.9,35.78,563317,0.0,0.0,0.0,0.0,0.0
2011-01-19 16:00:00-05:00,35.7,35.74,35.0,35.28,390715,0.0,0.0,0.0,0.0,0.0
2011-01-20 16:00:00-05:00,34.94,35.73,34.75,35.45,354126,0.0,0.0,0.0,0.0,0.0
2011-01-21 16:00:00-05:00,35.84,35.99,35.44,35.6,384714,0.0,0.0,0.0,0.0,0.0
2011-01-24 16:00:00-05:00,35.55,36.2,35.5,35.78,353071,0.0,0.0,0.0,0.0,0.0
2011-01-25 16:00:00-05:00,35.78,36.06,35.2705,35.72,193655,0.0,0.0,0.0,0.0,0.0
2011-01-26 16:00:00-05:00,36.31,36.31,35.35,35.79,205246,0.0,0.0,0.0,0.0,0.0
2011-01-27 16:00:00-05:00,35.68,36.75,35.55,36.45,241769,0.0,0.0,0.0,0.0,0.0
2011-01-28 16:00:00-05:00,36.23,36.35,34.9,35.07,234428,0.0,0.0,0.0,0.0,0.0
2011-01-31 16:00:00-05:00,35.36,35.87,34.7,35.33,187646,0.0,0.0,0.0,0.0,0.0
2011-02-01 16:00:00-05:00,35.65,36.66,35.2,36.23,205788,0.0,0.0,0.0,0.0,0.0
2011-02-02 16:00:00-05:00,36.19,36.57,36.11,36.25,150468,0.0,0.0,0.0,0.0,0.0
2011-02-03 16:00:00-05:00,36.39,37.17,36.12,36.91,207744,0.0,0.0,0.0,0.0,0.0
2011-02-04 16:00:00-05:00,36.77,36.85,36.24,36.55,221261,0.0,0.0,0.0,0.0,0.0
2011-02-07 16:00:00-05:00,36.42,37.74,36.05,37.17,184169,0.0,0.0,0.0,0.0,0.0
2011-02-08 16:00:00-05:00,37.05,37.42,36.7,36.81,120135,0.0,0.0,0.0,0.0,0.0
2011-02-09 16:00:00-05:00,36.8,37.54,36.57,37.13,187829,0.0,0.0,0.0,0.0,0.0
2011-02-10 16:00:00-05:00,37.11,38.84,37.11,38.68,509844,0.0,0.0,0.0,0.0,0.0
2011-02-11 16:00:00-05:00,36.35,36.98,35.19,36.68,944553,0.0,0.0,0.0,0.0,0.0
2011-02-14 16:00:00-05:00,36.54,37.19,36.1101,36.95,195431,0.0,0.0,0.0,0.0,0.0
2011-02-15 16:00:00-05:00,36.71,36.82,35.84,35.89,337300,0.0,0.0,0.0,0.0,0.0
2011-02-16 16:00:00-05:00,35.98,36.5,35.76,36.16,225423,0.0,0.0,0.0,0.0,0.0
2011-02-17 16:00:00-05:00,35.77,36.83,35.77,36.54,157156,0.0,0.0,0.0,0.0,0.0
2011-02-18 16:00:00-05:00,36.74,36.74,36.17,36.34,126048,0.0,0.0,0.0,0.0,0.0
2011-02-22 16:00:00-05:00,35.93,36.569,35.75,36.02,186812,0.0,0.0,0.0,0.0,0.0
2011-02-23 16:00:00-05:00,35.89,36.01,34.58,34.64,291445,0.0,0.0,0.0,0.0,0.0
2011-02-24 16:00:00-05:00,34.58,35.17,34.2,35.08,346313,0.0,0.0,0.0,0.0,0.0
2011-02-25 16:00:00-05:00,35.07,35.62,34.83,35.61,193096,0.0,0.0,0.0,0.0,0.0
2011-02-28 16:00:00-05:00,35.87,36.34,35.48,35.95,252062,0.0,0.0,0.0,0.0,0.0
2011-03-01 16:00:00-05:00,36.17,36.19,35.35,35.64,181571,0.0,0.0,0.0,0.0,0.0
2011-03-02 16:00:00-05:00,35.46,35.98,34.99,35.57,194408,0.0,0.0,0.0,0.0,0.0
2011-03-03 16:00:00-05:00,35.78,36.88,35.7,36.75,156198,0.0,0.0,0.0,0.0,0.0
2011-03-04 16:00:00-05:00,36.94,37.1,36.32,36.75,140178,0.0,0.0,0.0,0.0,0.0
2011-03-07 16:00:00-05:00,36.86,37.24,36.26,36.59,238963,0.0,0.0,0.0,0.0,0.0
2011-03-08 16:00:00-05:00,36.46,37.6,36.4,37.56,339222,0.0,0.0,0.0,0.0,0.0
2011-03-09 16:00:00-05:00,37.5,38.38,37.1,38.16,291128,0.0,0.0,0.0,0.0,0.0
2011-03-10 16:00:00-05:00,37.87,37.99,37.3,37.82,344951,0.0,0.0,0.0,0.0,0.0
2011-03-11 16:00:00-05:00,37.71,38.88,37.04,38.42,375564,0.0,0.0,0.0,0.0,0.0
2011-03-14 16:00:00-04:00,38.13,39.25,37.89,38.84,411644,0.0,0.0,0.0,0.0,0.0
2011-03-15 16:00:00-04:00,37.85,39.1,37.81,38.66,284418,0.0,0.0,0.0,0.0,0.0
2011-03-16 16:00:00-04:00,38.58,39.52,37.71,37.75,378594,0.0,0.0,0.0,0.0,0.0
2011-03-17 16:00:00-04:00,38.36,38.37,36.04,36.07,402688,0.0,0.0,0.0,0.0,0.0
2011-03-18 16:00:00-04:00,36.4,36.4,35.8,36.0,354315,0.0,0.0,0.0,0.0,0.0
2011-03-21 16:00:00-04:00,36.39,36.6,35.54,36.0,545878,0.0,0.0,0.0,0.0,0.0
2011-03-22 16:00:00-04:00,36.12,36.45,35.8,35.9,335198,0.0,0.0,0.0,0.0,0.0
2011-03-23 16:00:00-04:00,35.91,36.77,35.69,36.47,189770,0.0,0.0,0.0,0.0,0.0
2011-03-24 16:00:00-04:00,36.85,37.18,36.44,36.9,177553,0.0,0.0,0.0,0.0,0.0
2011-03-25 16:00:00-04:00,37.07,37.86,36.89,37.25,259312,0.0,0.0,0.0,0.0,0.0
2011-03-28 16:00:00-04:00,37.48,37.65,37.21,37.43,141327,0.0,0.0,0.0,0.0,0.0
2011-03-29 16:00:00-04:00,37.56,38.94,37.42,38.68,309749,0.0,0.0,0.0,0.0,0.0
2011-03-30 16:00:00-04:00,39.0,39.44,38.71,39.1,261586,0.0,0.0,0.0,0.0,0.0
2011-03-31 16:00:00-04:00,39.07,39.55,38.92,39.33,177785,0.0,0.0,0.0,0.0,0.0
2011-04-01 16:00:00-04:00,39.54,39.91,39.4,39.58,250408,0.0,0.0,0.0,0.0,0.0
2011-04-04 16:00:00-04:00,39.83,40.24,39.03,39.76,196154,0.0,0.0,0.0,0.0,0.0
2011-04-05 16:00:00-04:00,39.65,40.12,39.07,39.73,111725,0.0,0.0,0.0,0.0,0.0
2011-04-06 16:00:00-04:00,39.96,40.04,39.5,39.56,156387,0.0,0.0,0.0,0.0,0.0
2011-04-07 16:00:00-04:00,39.66,39.9,39.19,39.33,179420,0.0,0.0,0.0,0.0,0.0
2011-04-08 16:00:00-04:00,39.66,39.66,38.51,38.63,87497,0.0,0.0,0.0,0.0,0.0
2011-04-11 16:00:00-04:00,38.59,38.77,37.84,38.61,288222,0.0,0.0,0.0,0.0,0.0
2011-04-12 16:00:00-04:00,38.43,39.02,38.01,38.72,175955,0.0,0.0,0.0,0.0,0.0
2011-04-13 16:00:00-04:00,38.86,38.86,38.01,38.49,176234,0.0,0.0,0.0,0.0,0.0
2011-04-14 16:00:00-04:00,38.32,39.39,38.24,39.37,167955,0.0,0.0,0.0,0.0,0.0
2011-04-15 16:00:00-04:00,39.6,42.36,39.6,42.19,964782,0.0,0.0,0.0,0.0,0.0
2011-04-18 16:00:00-04:00,41.87,42.35,41.34,41.92,283875,0.0,0.0,0.0,0.0,0.0
2011-04-19 16:00:00-04:00,42.22,42.84,42.2,42.57,443632,0.0,0.0,0.0,0.0,0.0
2011-04-20 16:00:00-04:00,43.0,43.59,42.62,43.45,248542,0.0,0.0,0.0,0.0,0.0
2011-04-21 16:00:00-04:00,43.38,46.57,43.38,46.56,799751,0.0,0.0,0.0,0.0,0.0
2011-04-25 16:00:00-04:00,46.61,47.8899,46.57,47.04,479718,0.0,0.0,0.0,0.0,0.0
2011-04-26 16:00:00-04:00,46.94,47.26,46.36,46.57,415995,0.0,0.0,0.0,0.0,0.0
2011-04-27 16:00:00-04:00,46.37,46.81,45.54,46.18,436126,0.0,0.0,0.0,0.0,0.0
2011-04-28 16:00:00-04:00,45.98,47.12,45.94,46.73,207378,0.0,0.0,0.0,0.0,0.0
2011-04-29 16:00:00-04:00,46.73,47.45,46.276,46.95,183143,0.0,0.0,0.0,0.0,0.0
2011-05-02 16:00:00-04:00,47.85,47.85,46.44,46.64,505067,0.0,0.0,0.0,0.0,0.0
2011-05-03 16:00:00-04:00,46.31,46.68,45.63,45.83,181056,0.0,0.0,0.0,0.0,0.0
2011-05-04 16:00:00-04:00,45.87,46.58,45.07,46.03,175899,0.0,0.0,0.0,0.0,0.0
2011-05-05 16:00:00-04:00,46.94,47.9,46.04,46.45,472136,0.0,0.0,0.0,0.0,0.0
2011-05-06 16:00:00-04:00,46.98,47.99,46.92,47.61,272443,0.0,0.0,0.0,0.0,0.0
2011-05-09 16:00:00-04:00,47.71,47.99,46.9,46.95,160705,0.0,0.0,0.0,0.0,0.0
2011-05-10 16:00:00-04:00,47.08,47.78,47.06,47.67,161654,0.0,0.0,0.0,0.0,0.0
2011-05-11 16:00:00-04:00,47.42,47.9499,46.85,47.37,149522,0.0,0.0,0.0,0.0,0.0
2011-05-12 16:00:00-04:00,47.21,48.92,46.52,48.5,252575,0.0,0.0,0.0,0.0,0.0
2011-05-13 16:00:00-04:00,48.59,48.97,47.92,48.15,130190,0.0,0.0,0.0,0.0,0.0
2011-05-16 16:00:00-04:00,47.89,48.17,46.77,46.79,248719,0.0,0.0,0.0,0.0,0.0
2011-05-17 16:00:00-04:00,47.43,47.9499,46.54,47.8,261791,0.0,0.0,0.0,0.0,0.0
2011-05-18 16:00:00-04:00,48.17,49.43,48.11,49.25,343233,0.0,0.0,0.0,0.0,0.0
2011-05-19 16:00:00-04:00,49.61,50.79,49.29,49.98,361508,0.0,0.0,0.0,0.0,0.0
2011-05-20 16:00:00-04:00,49.67,49.96,49.5,49.52,247422,0.0,0.0,0.0,0.0,0.0
2011-05-23 16:00:00-04:00,48.95,50.08,48.51,49.48,236683,0.0,0.0,0.0,0.0,0.0
2011-05-24 16:00:00-04:00,49.67,50.57,48.36,48.45,174162,0.0,0.0,0.0,0.0,0.0
2011-05-25 16:00:00-04:00,48.39,49.46,48.27,49.25,234795,0.0,0.0,0.0,0.0,0.0
2011-05-26 16:00:00-04:00,49.06,49.79,49.02,49.79,194587,0.0,0.0,0.0,0.0,0.0
2011-05-27 16:00:00-04:00,50.0,50.85,49.9,50.21,153154,0.0,0.0,0.0,0.0,0.0
2011-05-31 16:00:00-04:00,50.89,51.68,50.68,51.23,539003,0.0,0.0,0.0,0.0,0.0
2011-06-01 16:00:00-04:00,51.23,51.63,49.8,50.05,407329,0.0,0.0,0.0,0.0,0.0
2011-06-02 16:00:00-04:00,49.91,49.91,48.76,49.1,208115,0.0,0.0,0.0,0.0,0.0
2011-06-03 16:00:00-04:00,48.37,49.06,47.16,47.21,490932,0.0,0.0,0.0,0.0,0.0
2011-06-06 16:00:00-04:00,47.3896,47.8,46.59,46.61,263331,0.0,0.0,0.0,0.0,0.0
2011-06-07 16:00:00-04:00,46.87,47.29,46.57,46.63,222177,0.0,0.0,0.0,0.0,0.0
2011-06-08 16:00:00-04:00,46.54,46.84,45.64,46.23,259328,0.0,0.0,0.0,0.0,0.0
2011-06-09 16:00:00-04:00,46.45,46.67,45.87,45.94,148613,0.0,0.0,0.0,0.0,0.0
2011-06-10 16:00:00-04:00,45.75,47.4091,45.0,45.84,233169,0.0,0.0,0.0,0.0,0.0
2011-06-13 16:00:00-04:00,45.89,46.68,45.7101,45.99,135511,0.0,0.0,0.0,0.0,0.0
2011-06-14 16:00:00-04:00,46.57,47.61,46.262,47.3,179110,0.0,0.0,0.0,0.0,0.0
2011-06-15 16:00:00-04:00,46.7,47.4,46.42,46.75,193893,0.0,0.0,0.0,0.0,0.0
2011-06-16 16:00:00-04:00,46.86,47.23,46.0,46.99,195332,0.0,0.0,0.0,0.0,0.0
2011-06-17 16:00:00-04:00,47.28,48.24,46.59,46.79,332697,0.0,0.0,0.0,0.0,0.0
2011-06-20 16:00:00-04:00,46.52,47.44,46.51,46.99,162175,0.0,0.0,0.0,0.0,0.0
2011-06-21 16:00:00-04:00,47.03,48.3,46.73,48.03,284856,0.0,0.0,0.0,0.0,0.0
2011-06-22 16:00:00-04:00,47.94,48.6405,47.5,48.0,139328,0.0,0.0,0.0,0.0,0.0
2011-06-23 16:00:00-04:00,47.48,48.74,47.35,48.53,294093,0.0,0.0,0.0,0.0,0.0
2011-06-24 16:00:00-04:00,48.78,49.2399,48.26,49.09,290954,0.0,0.0,0.0,0.0,0.0
2011-06-27 16:00:00-04:00,49.14,50.0,48.04,49.83,198162,0.0,0.0,0.0,0.0,0.0
2011-06-28 16:00:00-04:00,50.17,51.36,50.04,51.36,169546,0.0,0.0,0.0,0.0,0.0
2011-06-29 16:00:00-04:00,51.46,52.44,51.1901,52.27,292957,0.0,0.0,0.0,0.0,0.0
2011-06-30 16:00:00-04:00,52.35,52.72,51.78,52.36,362891,0.0,0.0,0.0,0.0,0.0
2011-07-01 16:00:00-04:00,52.5,53.8,52.269,53.3,275518,0.0,0.0,0.0,0.0,0.0
2011-07-05 16:00:00-04:00,53.49,55.06,53.31,55.05,378226,0.0,0.0,0.0,0.0,0.0
2011-07-06 16:00:00-04:00,55.06,55.31,54.43,54.81,284135,0.0,0.0,0.0,0.0,0.0
2011-07-07 16:00:00-04:00,55.03,55.49,54.19,54.66,263502,0.0,0.0,0.0,0.0,0.0
2011-07-08 16:00:00-04:00,53.66,54.47,53.45,54.28,259420,0.0,0.0,0.0,0.0,0.0
2011-07-11 16:00:00-04:00,53.89,54.65,53.2001,53.65,169851,0.0,0.0,0.0,0.0,0.0
2011-07-12 16:00:00-04:00,53.54,54.53,53.42,53.73,113107,0.0,0.0,0.0,0.0,0.0
2011-07-13 16:00:00-04:00,54.06,55.67,54.01,55.51,325760,0.0,0.0,0.0,0.0,0.0
2011-07-14 16:00:00-04:00,55.77,56.6399,54.17,54.5,199191,0.0,0.0,0.0,0.0,0.0
2011-07-15 16:00:00-04:00,54.66,55.26,53.45,53.99,209903,0.0,0.0,0.0,0.0,0.0
2011-07-18 16:00:00-04:00,54.05,54.579,53.8894,54.39,162393,0.0,0.0,0.0,0.0,0.0
2011-07-19 16:00:00-04:00,54.78,55.28,54.16,54.415,292119,0.0,0.0,0.0,0.0,0.0
2011-07-20 16:00:00-04:00,54.66,55.37,53.8,54.0,196814,0.0,0.0,0.0,0.0,0.0
2011-07-21 16:00:00-04:00,54.03,54.35,51.95,52.0,644535,0.0,0.0,0.0,0.0,0.0
2011-07-22 16:00:00-04:00,54.98,54.98,48.29,48.89,951226,0.0,0.0,0.0,0.0,0.0
2011-07-25 16:00:00-04:00,48.16,49.77,48.0,49.56,408543,0.0,0.0,0.0,0.0,0.0
2011-07-26 16:00:00-04:00,49.69,49.75,48.1,48.53,417497,0.0,0.0,0.0,0.0,0.0
2011-07-27 16:00:00-04:00,48.19,48.29,47.12,47.24,487132,0.0,0.0,0.0,0.0,0.0
2011-07-28 16:00:00-04:00,47.35,47.48,46.69,46.77,220955,0.0,0.0,0.0,0.0,0.0
2011-07-29 16:00:00-04:00,46.06,47.01,45.72,46.37,392992,0.0,0.0,0.0,0.0,0.0
2011-08-01 16:00:00-04:00,46.27,47.12,45.44,46.32,368681,0.0,0.0,0.0,0.0,0.0
2011-08-02 16:00:00-04:00,45.9,45.63,44.0341,45.36,474900,0.0,0.0,0.0,0.0,0.0
2011-08-03 16:00:00-04:00,45.34,46.15,44.0341,46.04,381267,0.0,0.0,0.0,0.0,0.0
2011-08-04 16:00:00-04:00,45.31,46.77,45.12,45.18,742658,0.0,0.0,0.0,0.0,0.0
2011-08-05 16:00:00-04:00,45.7,45.7,41.83,44.28,727884,0.0,0.0,0.0,0.0,0.0
2011-08-08 16:00:00-04:00,43.05,43.52,40.75,40.76,633178,0.0,0.0,0.0,0.0,0.0
2011-08-09 16:00:00-04:00,41.3,42.79,39.8,42.51,818497,0.0,0.0,0.0,0.0,0.0
2011-08-10 16:00:00-04:00,41.75,43.31,41.03,41.51,436143,0.0,0.0,0.0,0.0,0.0
2011-08-11 16:00:00-04:00,41.66,43.91,41.49,43.27,469074,0.0,0.0,0.0,0.0,0.0
2011-08-12 16:00:00-04:00,43.54,44.09,42.6,43.03,269186,0.0,0.0,0.0,0.0,0.0
2011-08-15 16:00:00-04:00,43.53,44.98,43.47,44.9,204666,0.0,0.0,0.0,0.0,0.0
2011-08-16 16:00:00-04:00,44.63,44.85,43.69,44.08,188178,0.0,0.0,0.0,0.0,0.0
2011-08-17 16:00:00-04:00,44.19,44.56,43.05,43.57,177332,0.0,0.0,0.0,0.0,0.0
2011-08-18 16:00:00-04:00,42.78,44.0,40.7,40.93,492668,0.0,0.0,0.0,0.0,0.0
2011-08-19 16:00:00-04:00,40.43,42.03,40.0,40.28,287560,0.0,0.0,0.0,0.0,0.0
2011-08-22 16:00:00-04:00,41.39,41.95,40.43,40.92,422265,0.0,0.0,0.0,0.0,0.0
2011-08-23 16:00:00-04:00,41.1,42.67,40.48,42.45,290384,0.0,0.0,0.0,0.0,0.0
2011-08-24 16:00:00-04:00,42.46,43.49,41.95,42.93,290546,0.0,0.0,0.0,0.0,0.0
2011-08-25 16:00:00-04:00,43.19,43.52,41.9901,42.19,278774,0.0,0.0,0.0,0.0,0.0
2011-08-26 16:00:00-04:00,41.98,43.5392,41.17,43.03,200468,0.0,0.0,0.0,0.0,0.0
2011-08-29 16:00:00-04:00,43.53,43.81,42.99,43.73,213810,0.0,0.0,0.0,0.0,0.0
2011-08-30 16:00:00-04:00,43.6,44.76,43.0,44.15,183794,0.0,0.0,0.0,0.0,0.0
2011-08-31 16:00:00-04:00,44.62,46.32,44.62,46.17,483692,0.0,0.0,0.0,0.0,0.0
2011-09-01 16:00:00-04:00,46.29,46.49,44.869,45.46,254011,0.0,0.0,0.0,0.0,0.0
2011-09-02 16:00:00-04:00,44.41,45.08,44.07,44.38,261126,0.0,0.0,0.0,0.0,0.0
2011-09-06 16:00:00-04:00,43.16,43.74,42.391,43.48,365768,0.0,0.0,0.0,0.0,0.0
2011-09-07 16:00:00-04:00,43.98,44.14,42.97,43.57,364539,0.0,0.0,0.0,0.0,0.0
2011-09-08 16:00:00-04:00,43.39,44.04,42.96,43.25,187774,0.0,0.0,0.0,0.0,0.0
2011-09-09 16:00:00-04:00,43.0,43.29,40.9,41.23,404756,0.0,0.0,0.0,0.0,0.0
2011-09-12 16:00:00-04:00,40.5,41.8,40.33,41.39,257492,0.0,0.0,0.0,0.0,0.0
2011-09-13 16:00:00-04:00,41.43,42.64,41.27,42.49,210131,0.0,0.0,0.0,0.0,0.0
2011-09-14 16:00:00-04:00,42.65,45.23,42.65,44.55,354310,0.0,0.0,0.0,0.0,0.0
2011-09-15 16:00:00-04:00,45.15,45.68,44.29,45.36,321714,0.0,0.0,0.0,0.0,0.0
2011-09-16 16:00:00-04:00,45.6,46.25,45.37,45.9,355790,0.0,0.0,0.0,0.0,0.0
2011-09-19 16:00:00-04:00,45.09,47.15,45.02,46.63,219300,0.0,0.0,0.0,0.0,0.0
2011-09-20 16:00:00-04:00,47.04,47.755,45.76,45.83,160417,0.0,0.0,0.0,0.0,0.0
2011-09-21 16:00:00-04:00,45.59,46.14,44.15,44.25,298388,0.0,0.0,0.0,0.0,0.0
2011-09-22 16:00:00-04:00,43.13,44.48,42.75,44.28,438875,0.0,0.0,0.0,0.0,0.0
2011-09-23 16:00:00-04:00,44.16,45.55,43.94,45.51,345405,0.0,0.0,0.0,0.0,0.0
2011-09-26 16:00:00-04:00,45.61,47.07,44.07,47.03,305411,0.0,0.0,0.0,0.0,0.0
2011-09-27 16:00:00-04:00,48.48,49.81,47.97,48.26,686915,0.0,0.0,0.0,0.0,0.0
2011-09-28 16:00:00-04:00,48.17,48.17,45.47,45.78,421778,0.0,0.0,0.0,0.0,0.0
2011-09-29 16:00:00-04:00,46.48,46.83,43.66,44.77,376390,0.0,0.0,0.0,0.0,0.0
2011-09-30 16:00:00-04:00,44.05,45.65,43.71,44.11,407451,0.0,0.0,0.0,0.0,0.0
2011-10-03 16:00:00-04:00,44.03,44.43,42.11,42.32,409450,0.0,0.0,0.0,0.0,0.0
2011-10-04 16:00:00-04:00,42.11,44.52,42.01,44.44,493123,0.0,0.0,0.0,0.0,0.0
2011-10-05 16:00:00-04:00,44.59,45.48,44.09,44.61,190131,0.0,0.0,0.0,0.0,0.0
2011-10-06 16:00:00-04:00,44.65,46.74,44.34,46.6,338094,0.0,0.0,0.0,0.0,0.0
2011-10-07 16:00:00-04:00,46.93,47.35,46.07,46.28,296762,0.0,0.0,0.0,0.0,0.0
2011-10-10 16:00:00-04:00,46.95,48.12,46.55,47.86,144115,0.0,0.0,0.0,0.0,0.0
2011-10-11 16:00:00-04:00,47.61,48.52,47.18,48.12,307229,0.0,0.0,0.0,0.0,0.0
2011-10-12 16:00:00-04:00,48.32,48.75,47.81,48.46,227246,0.0,0.0,0.0,0.0,0.0
2011-10-13 16:00:00-04:00,48.21,48.85,47.27,48.44,142811,0.0,0.0,0.0,0.0,0.0
2011-10-14 16:00:00-04:00,48.87,49.0,47.53,49.0,204735,0.0,0.0,0.0,0.0,0.0
2011-10-17 16:00:00-04:00,48.58,48.82,47.46,48.25,221174,0.0,0.0,0.0,0.0,0.0
2011-10-18 16:00:00-04:00,48.43,48.8,47.4,48.58,212188,0.0,0.0,0.0,0.0,0.0
2011-10-19 16:00:00-04:00,48.55,49.26,47.5,47.69,234358,0.0,0.0,0.0,0.0,0.0
2011-10-20 16:00:00-04:00,47.76,49.37,47.6,48.86,480823,0.0,0.0,0.0,0.0,0.0
2011-10-21 16:00:00-04:00,49.2,51.1,47.97,51.08,884461,0.0,0.0,0.0,0.0,0.0
2011-10-24 16:00:00-04:00,51.55,53.88,51.46,53.81,395597,0.0,0.0,0.0,0.0,0.0
2011-10-25 16:00:00-04:00,53.65,53.96,52.12,52.345,351697,0.0,0.0,0.0,0.0,0.0
2011-10-26 16:00:00-04:00,53.25,53.85,51.77,52.37,438154,0.0,0.0,0.0,0.0,0.0
2011-10-27 16:00:00-04:00,52.94,53.88,52.45,53.5,408882,0.0,0.0,0.0,0.0,0.0
2011-10-28 16:00:00-04:00,53.5,53.97,52.84,53.02,215783,0.0,0.0,0.0,0.0,0.0
2011-10-31 16:00:00-04:00,52.25,53.43,52.25,52.93,173558,0.0,0.0,0.0,0.0,0.0
2011-11-01 16:00:00-04:00,51.37,53.27,50.55,52.84,330591,0.0,0.0,0.0,0.0,0.0
2011-11-02 16:00:00-04:00,53.26,53.39,50.85,51.99,477135,0.0,0.0,0.0,0.0,0.0
2011-11-03 16:00:00-04:00,52.84,53.08,51.26,52.92,128476,0.0,0.0,0.0,0.0,0.0
2011-11-04 16:00:00-04:00,52.56,53.0,52.04,52.6,129487,0.0,0.0,0.0,0.0,0.0
2011-11-07 16:00:00-05:00,52.71,52.83,50.93,52.08,180724,0.0,0.0,0.0,0.0,0.0
2011-11-08 16:00:00-05:00,52.53,52.7,50.66,52.02,192207,0.0,0.0,0.0,0.0,0.0
2011-11-09 16:00:00-05:00,51.12,52.0,49.66,49.73,324611,0.0,0.0,0.0,0.0,0.0
2011-11-10 16:00:00-05:00,50.56,51.38,49.23,49.53,246241,0.0,0.0,0.0,0.0,0.0
2011-11-11 16:00:00-05:00,49.78,51.4,49.78,50.85,242187,0.0,0.0,0.0,0.0,0.0
2011-11-14 16:00:00-05:00,50.47,50.73,49.34,49.74,283975,0.0,0.0,0.0,0.0,0.0
2011-11-15 16:00:00-05:00,49.59,50.19,49.25,49.9,336874,0.0,0.0,0.0,0.0,0.0
2011-11-16 16:00:00-05:00,49.37,49.545,48.5401,48.71,203491,0.0,0.0,0.0,0.0,0.0
2011-11-17 16:00:00-05:00,48.51,48.882,47.78,48.44,248888,0.0,0.0,0.0,0.0,0.0
2011-11-18 16:00:00-05:00,48.38,49.24,47.27,47.65,312108,0.0,0.0,0.0,0.0,0.0
2011-11-21 16:00:00-05:00,46.7,47.2269,46.19,46.44,259969,0.0,0.0,0.0,0.0,0.0
2011-11-22 16:00:00-05:00,46.12,46.92,45.99,46.16,240938,0.0,0.0,0.0,0.0,0.0
2011-11-23 16:00:00-05:00,45.95,46.11,45.0,45.01,259472,0.0,0.0,0.0,0.0,0.0
2011-11-25 13:00:00-05:00,44.95,45.27,44.35,44.38,97975,0.0,0.0,0.0,0.0,0.0
2011-11-28 16:00:00-05:00,45.77,46.07,45.28,45.81,278891,0.0,0.0,0.0,0.0,0.0
2011-11-29 16:00:00-05:00,45.63,47.84,45.43,46.96,436850,0.0,0.0,0.0,0.0,0.0
2011-11-30 16:00:00-05:00,48.45,48.5,47.66,48.08,420957,0.0,0.0,0.0,0.0,0.0
2011-12-01 16:00:00-05:00,48.1,48.57,47.76,47.85,181268,0.0,0.0,0.0,0.0,0.0
2011-12-02 16:00:00-05:00,48.47,48.83,47.66,47.78,133620,0.0,0.0,0.0,0.0,0.0
2011-12-05 16:00:00-05:00,48.33,48.96,47.91,48.43,191478,0.0,0.0,0.0,0.0,0.0
2011-12-06 16:00:00-05:00,48.17,48.17,47.42,47.69,206131,0.0,0.0,0.0,0.0,0.0
2011-12-07 16:00:00-05:00,47.22,48.32,46.48,48.24,294491,0.0,0.0,0.0,0.0,0.0
2011-12-08 16:00:00-05:00,47.71,48.33,47.08,47.43,298306,0.0,0.0,0.0,0.0,0.0
2011-12-09 16:00:00-05:00,47.7,47.94,46.78,46.93,282947,0.0,0.0,0.0,0.0,0.0
2011-12-12 16:00:00-05:00,46.21,47.04,45.89,47.03,128687,0.0,0.0,0.0,0.0,0.0
2011-12-13 16:00:00-05:00,47.01,47.34,45.34,45.53,333481,0.0,0.0,0.0,0.0,0.0
2011-12-14 16:00:00-05:00,45.21,45.31,44.03,44.16,306661,0.0,0.0,0.0,0.0,0.0
2011-12-15 16:00:00-05:00,44.58,45.14,44.01,45.04,209057,0.0,0.0,0.0,0.0,0.0
2011-12-16 16:00:00-05:00,45.39,45.898,45.09,45.44,257259,0.0,0.0,0.0,0.0,0.0
2011-12-19 16:00:00-05:00,45.78,46.17,44.31,44.52,221449,0.0,0.0,0.0,0.0,0.0
2011-12-20 16:00:00-05:00,45.07,45.8,45.07,45.61,206903,0.0,0.0,0.0,0.0,0.0
2011-12-21 16:00:00-05:00,45.71,46.09,44.89,45.99,169000,0.0,0.0,0.0,0.0,0.0
2011-12-22 16:00:00-05:00,46.07,46.35,45.25,45.4,226994,0.0,0.0,0.0,0.0,0.0
2011-12-23 16:00:00-05:00,45.4,46.18,45.11,46.06,225707,0.0,0.0,0.0,0.0,0.0
2011-12-27 16:00:00-05:00,45.96,46.39,45.68,46.21,123167,0.0,0.0,0.0,0.0,0.0
2011-12-28 16:00:00-05:00,46.29,46.29,44.98,45.36,171626,0.0,0.0,0.0,0.0,0.0
2011-12-29 16:00:00-05:00,45.66,46.03,45.23,45.68,196032,0.0,0.0,0.0,0.0,0.0
2011-12-30 16:00:00-05:00,45.75,46.43,45.18,45.32,197201,0.0,0.0,0.0,0.0,0.0
2012-01-03 16:00:00-05:00,45.67,46.1299,43.94,44.03,402336,0.0,0.0,0.0,0.0,0.0
2012-01-04 16:00:00-05:00,43.99,44.68,43.23,44.5,455202,0.0,0.0,0.0,0.0,0.0
2012-01-05 16:00:00-05:00,44.14,45.52,43.48,45.38,271429,0.0,0.0,0.0,0.0,0.0
2012-01-06 16:00:00-05:00,45.42,46.18,44.98,45.9,199144,0.0,0.0,0.0,0.0,0.0
2012-01-09 16:00:00-05:00,46.31,46.3192,45.25,45.77,292980,0.0,0.0,0.0,0.0,0.0
2012-01-10 16:00:00-05:00,46.93,47.049,46.06,46.69,248533,0.0,0.0,0.0,0.0,0.0
2012-01-11 16:00:00-05:00,46.22,46.61,45.54,45.79,191448,0.0,0.0,0.0,0.0,0.0
2012-01-12 16:00:00-05:00,45.88,46.23,44.8,45.46,452467,0.0,0.0,0.0,0.0,0.0
2012-01-13 16:00:00-05:00,44.97,45.78,44.93,45.37,275169,0.0,0.0,0.0,0.0,0.0
2012-01-17 16:00:00-05:00,45.54,45.54,44.18,44.44,371735,0.0,0.0,0.0,0.0,0.0
2012-01-18 16:00:00-05:00,44.52,45.62,44.23,45.5,175228,0.0,0.0,0.0,0.0,0.0
2012-01-19 16:00:00-05:00,45.45,45.5,44.7,44.77,322935,0.0,0.0,0.0,0.0,0.0
2012-01-20 16:00:00-05:00,44.77,45.74,44.69,45.59,206657,0.0,0.0,0.0,0.0,0.0
2012-01-23 16:00:00-05:00,45.48,45.92,45.4,45.7,395277,0.0,0.0,0.0,0.0,0.0
2012-01-24 16:00:00-05:00,45.45,46.045,44.85,45.69,312922,0.0,0.0,0.0,0.0,0.0
2012-01-25 16:00:00-05:00,45.48,47.8,45.28,47.51,555351,0.0,0.0,0.0,0.0,0.0
2012-01-26 16:00:00-05:00,47.75,48.13,47.58,47.93,303662,0.0,0.0,0.0,0.0,0.0
2012-01-27 16:00:00-05:00,47.55,49.0,47.55,48.91,274017,0.0,0.0,0.0,0.0,0.0
2012-01-30 16:00:00-05:00,48.45,49.13,47.96,49.0,392938,0.0,0.0,0.0,0.0,0.0
2012-01-31 16:00:00-05:00,49.34,50.1,48.71,50.03,506046,0.0,0.0,0.0,0.0,0.0
2012-02-01 16:00:00-05:00,50.09,51.0,49.85,50.895,360953,0.0,0.0,0.0,0.0,0.0
2012-02-02 16:00:00-05:00,50.83,51.85,50.82,51.82,381161,0.0,0.0,0.0,0.0,0.0
2012-02-03 16:00:00-05:00,52.46,54.46,51.92,54.27,528014,0.0,0.0,0.0,0.0,0.0
2012-02-06 16:00:00-05:00,53.82,54.11,52.68,52.88,692873,0.0,0.0,0.0,0.0,0.0
2012-02-07 16:00:00-05:00,53.02,53.51,52.23,52.95,275950,0.0,0.0,0.0,0.0,0.0
2012-02-08 16:00:00-05:00,52.95,53.42,52.93,53.38,410798,0.0,0.0,0.0,0.0,0.0
2012-02-09 16:00:00-05:00,53.34,53.94,53.03,53.39,182069,0.0,0.0,0.0,0.0,0.0
2012-02-10 16:00:00-05:00,53.0,53.16,52.64,52.91,471640,0.0,0.0,0.0,0.0,0.0
2012-02-13 16:00:00-05:00,53.32,53.5,52.835,53.18,270843,0.0,0.0,0.0,0.0,0.0
2012-02-14 16:00:00-05:00,53.11,53.67,52.76,53.53,280707,0.0,0.0,0.0,0.0,0.0
2012-02-15 16:00:00-05:00,53.76,54.15,53.17,53.3,373649,0.0,0.0,0.0,0.0,0.0
2012-02-16 16:00:00-05:00,53.25,54.0,53.2,53.79,446297,0.0,0.0,0.0,0.0,0.0
2012-02-17 16:00:00-05:00,52.42,52.92,50.96,52.08,849103,0.0,0.0,0.0,0.0,0.0
2012-02-21 16:00:00-05:00,52.2,53.2199,51.56,51.93,487342,0.0,0.0,0.0,0.0,0.0
2012-02-22 16:00:00-05:00,51.57,51.68,50.33,50.82,390862,0.0,0.0,0.0,0.0,0.0
2012-02-23 16:00:00-05:00,51.0,51.18,50.58,50.77,292471,0.0,0.0,0.0,0.0,0.0
2012-02-24 16:00:00-05:00,50.75,50.93,50.12,50.27,293427,0.0,0.0,0.0,0.0,0.0
2012-02-27 16:00:00-05:00,50.0,50.6,49.68,49.81,367335,0.0,0.0,0.0,0.0,0.0
2012-02-28 16:00:00-05:00,50.0,50.41,49.41,50.26,297177,0.0,0.0,0.0,0.0,0.0
2012-02-29 16:00:00-05:00,50.26,50.66,49.64,49.65,261462,0.0,0.0,0.0,0.0,0.0
2012-03-01 16:00:00-05:00,49.51,49.96,48.71,48.8,374409,0.0,0.0,0.0,0.0,0.0
2012-03-02 16:00:00-05:00,48.86,49.17,47.7,48.43,543547,0.0,0.0,0.0,0.0,0.0
2012-03-05 16:00:00-05:00,48.11,49.01,48.007,48.8,237381,0.0,0.0,0.0,0.0,0.0
2012-03-06 16:00:00-05:00,48.35,48.68,48.02,48.09,312737,0.0,0.0,0.0,0.0,0.0
2012-03-07 16:00:00-05:00,48.1,48.85,48.06,48.76,227054,0.0,0.0,0.0,0.0,0.0
2012-03-08 16:00:00-05:00,49.16,49.54,48.26,49.43,259665,0.0,0.0,0.0,0.0,0.0
2012-03-09 16:00:00-05:00,49.62,50.38,49.52,50.0,213180,0.0,0.0,0.0,0.0,0.0
2012-03-12 16:00:00-04:00,50.16,50.42,49.62,49.9,251770,0.0,0.0,0.0,0.0,0.0
2012-03-13 16:00:00-04:00,50.05,50.12,49.42,50.12,328189,0.0,0.0,0.0,0.0,0.0
2012-03-14 16:00:00-04:00,49.86,50.14,49.16,49.43,178122,0.0,0.0,0.0,0.0,0.0
2012-03-15 16:00:00-04:00,49.61,50.22,49.05,50.16,288677,0.0,0.0,0.0,0.0,0.0
2012-03-16 16:00:00-04:00,49.99,50.0,48.53,48.58,323005,0.0,0.0,0.0,0.0,0.0
2012-03-19 16:00:00-04:00,48.47,48.76,48.05,48.39,268374,0.0,0.0,0.0,0.0,0.0
2012-03-20 16:00:00-04:00,48.03,48.1,47.41,47.68,297966,0.0,0.0,0.0,0.0,0.0
2012-03-21 16:00:00-04:00,47.94,48.48,47.31,47.34,303016,0.0,0.0,0.0,0.0,0.0
2012-03-22 16:00:00-04:00,47.08,47.92,46.87,47.85,221164,0.0,0.0,0.0,0.0,0.0
2012-03-23 16:00:00-04:00,47.73,47.73,46.42,47.24,291043,0.0,0.0,0.0,0.0,0.0
2012-03-26 16:00:00-04:00,48.08,50.89,47.92,50.39,856859,0.0,0.0,0.0,0.0,0.0
2012-03-27 16:00:00-04:00,50.43,50.7499,49.99,50.29,248130,0.0,0.0,0.0,0.0,0.0
2012-03-28 16:00:00-04:00,50.25,50.86,49.0,49.41,167720,0.0,0.0,0.0,0.0,0.0
2012-03-29 16:00:00-04:00,49.21,49.57,48.95,49.32,168277,0.0,0.0,0.0,0.0,0.0
2012-03-30 16:00:00-04:00,50.25,51.0,49.97,50.35,484623,0.0,0.0,0.0,0.0,0.0
2012-04-02 16:00:00-04:00,50.46,51.19,50.32,51.0,377087,0.0,0.0,0.0,0.0,0.0
2012-04-03 16:00:00-04:00,50.87,51.23,50.54,50.88,249494,0.0,0.0,0.0,0.0,0.0
2012-04-04 16:00:00-04:00,50.29,50.34,49.12,49.71,210965,0.0,0.0,0.0,0.0,0.0
2012-04-05 16:00:00-04:00,49.47,49.96,48.34,49.61,361965,0.0,0.0,0.0,0.0,0.0
2012-04-09 16:00:00-04:00,48.75,48.99,48.56,48.93,197047,0.0,0.0,0.0,0.0,0.0
2012-04-10 16:00:00-04:00,48.92,49.02,47.26,47.67,460275,0.0,0.0,0.0,0.0,0.0
2012-04-11 16:00:00-04:00,47.86,48.74,47.81,47.9,431297,0.0,0.0,0.0,0.0,0.0
2012-04-12 16:00:00-04:00,48.58,49.57,48.17,49.15,289924,0.0,0.0,0.0,0.0,0.0
2012-04-13 16:00:00-04:00,49.1,49.48,48.75,48.84,212371,0.0,0.0,0.0,0.0,0.0
2012-04-16 16:00:00-04:00,49.0,49.0,48.19,48.71,239671,0.0,0.0,0.0,0.0,0.0
2012-04-17 16:00:00-04:00,49.0,49.2,48.51,48.78,289245,0.0,0.0,0.0,0.0,0.0
2012-04-18 16:00:00-04:00,48.54,49.06,47.8,48.4,388938,0.0,0.0,0.0,0.0,0.0
2012-04-19 16:00:00-04:00,48.25,48.6,47.32,47.69,437006,0.0,0.0,0.0,0.0,0.0
2012-04-20 16:00:00-04:00,48.15,48.17,46.75,46.8,523406,0.0,0.0,0.0,0.0,0.0
2012-04-23 16:00:00-04:00,46.5,46.72,45.86,46.28,560464,0.0,0.0,0.0,0.0,0.0
2012-04-24 16:00:00-04:00,46.21,47.21,45.98,46.45,368523,0.0,0.0,0.0,0.0,0.0
2012-04-25 16:00:00-04:00,47.04,47.98,46.76,47.21,305365,0.0,0.0,0.0,0.0,0.0
2012-04-26 16:00:00-04:00,47.28,48.45,47.21,48.14,382032,0.0,0.0,0.0,0.0,0.0
2012-04-27 16:00:00-04:00,45.25,46.5,43.8801,45.03,1599788,0.0,0.0,0.0,0.0,0.0
2012-04-30 16:00:00-04:00,45.0,45.17,42.72,43.19,726777,0.0,0.0,0.0,0.0,0.0
2012-05-01 16:00:00-04:00,43.51,44.55,42.74,42.79,675646,0.0,0.0,0.0,0.0,0.0
2012-05-02 16:00:00-04:00,42.54,43.69,42.335,43.39,540320,0.0,0.0,0.0,0.0,0.0
2012-05-03 16:00:00-04:00,43.14,43.58,43.0,43.25,388600,0.0,0.0,0.0,0.0,0.0
2012-05-04 16:00:00-04:00,43.46,44.21,43.19,44.08,728815,0.0,0.0,0.0,0.0,0.0
2012-05-07 16:00:00-04:00,44.03,45.02,44.0001,44.24,460856,0.0,0.0,0.0,0.0,0.0
2012-05-08 16:00:00-04:00,43.92,44.42,43.13,44.34,582007,0.0,0.0,0.0,0.0,0.0
2012-05-09 16:00:00-04:00,44.1,44.77,43.79,44.57,757588,0.0,0.0,0.0,0.0,0.0
2012-05-10 16:00:00-04:00,44.85,45.65,44.56,45.35,473784,0.0,0.0,0.0,0.0,0.0
2012-05-11 16:00:00-04:00,44.95,46.15,44.95,46.09,491782,0.0,0.0,0.0,0.0,0.0
2012-05-14 16:00:00-04:00,45.73,46.42,45.3,45.93,568072,0.0,0.0,0.0,0.0,0.0
2012-05-15 16:00:00-04:00,45.69,46.13,45.15,45.49,682093,0.0,0.0,0.0,0.0,0.0
2012-05-16 16:00:00-04:00,45.59,46.04,45.28,45.38,317960,0.0,0.0,0.0,0.0,0.0
2012-05-17 16:00:00-04:00,45.25,45.25,43.89,43.94,645024,0.0,0.0,0.0,0.0,0.0
2012-05-18 16:00:00-04:00,43.82,44.58,43.18,43.3,478023,0.0,0.0,0.0,0.0,0.0
2012-05-21 16:00:00-04:00,43.48,43.87,42.27,43.71,667066,0.0,0.0,0.0,0.0,0.0
2012-05-22 16:00:00-04:00,43.94,44.85,43.88,44.58,351650,0.0,0.0,0.0,0.0,0.0
2012-05-23 16:00:00-04:00,44.13,45.84,44.13,45.7,473685,0.0,0.0,0.0,0.0,0.0
2012-05-24 16:00:00-04:00,45.89,46.38,44.29,44.69,463905,0.0,0.0,0.0,0.0,0.0
2012-05-25 16:00:00-04:00,44.84,44.84,44.14,44.56,371592,0.0,0.0,0.0,0.0,0.0
2012-05-29 16:00:00-04:00,44.96,45.0,44.18,44.98,252264,0.0,0.0,0.0,0.0,0.0
2012-05-30 16:00:00-04:00,44.71,44.92,43.99,44.04,220257,0.0,0.0,0.0,0.0,0.0
2012-05-31 16:00:00-04:00,44.04,44.1686,42.89,43.79,296466,0.0,0.0,0.0,0.0,0.0
2012-06-01 16:00:00-04:00,42.88,43.15,41.63,41.72,541001,0.0,0.0,0.0,0.0,0.0
2012-06-04 16:00:00-04:00,41.73,41.87,40.751,40.95,558600,0.0,0.0,0.0,0.0,0.0
2012-06-05 16:00:00-04:00,40.65,42.14,40.49,42.05,432802,0.0,0.0,0.0,0.0,0.0
2012-06-06 16:00:00-04:00,42.45,42.46,42.12,42.25,242785,0.0,0.0,0.0,0.0,0.0
2012-06-07 16:00:00-04:00,42.94,43.13,41.86,41.9,296540,0.0,0.0,0.0,0.0,0.0
2012-06-08 16:00:00-04:00,41.72,42.36,41.25,42.17,284490,0.0,0.0,0.0,0.0,0.0
2012-06-11 16:00:00-04:00,42.67,42.8,41.71,41.71,292891,0.0,0.0,0.0,0.0,0.0
2012-06-12 16:00:00-04:00,41.74,42.1,40.6,40.94,529674,0.0,0.0,0.0,0.0,0.0
2012-06-13 16:00:00-04:00,41.14,41.14,38.11,38.4,1907075,0.0,0.0,0.0,0.0,0.0
2012-06-14 16:00:00-04:00,38.63,39.45,38.135,38.63,1025547,0.0,0.0,0.0,0.0,0.0
2012-06-15 16:00:00-04:00,38.53,39.74,38.19,39.63,413724,0.0,0.0,0.0,0.0,0.0
2012-06-18 16:00:00-04:00,39.34,39.85,38.67,38.71,348503,0.0,0.0,0.0,0.0,0.0
2012-06-19 16:00:00-04:00,38.7,39.28,38.36,39.0,869996,0.0,0.0,0.0,0.0,0.0
2012-06-20 16:00:00-04:00,39.13,39.44,38.44,39.16,258370,0.0,0.0,0.0,0.0,0.0
2012-06-21 16:00:00-04:00,39.16,39.39,38.198,38.4,313746,0.0,0.0,0.0,0.0,0.0
2012-06-22 16:00:00-04:00,38.47,38.68,37.84,38.04,334135,0.0,0.0,0.0,0.0,0.0
2012-06-25 16:00:00-04:00,37.69,37.96,37.5,37.53,244531,0.0,0.0,0.0,0.0,0.0
2012-06-26 16:00:00-04:00,37.55,37.91,37.2,37.3,307109,0.0,0.0,0.0,0.0,0.0
2012-06-27 16:00:00-04:00,37.59,37.59,36.89,37.14,474354,0.0,0.0,0.0,0.0,0.0
2012-06-28 16:00:00-04:00,36.96,37.44,36.46,37.01,629455,0.0,0.0,0.0,0.0,0.0
2012-06-29 16:00:00-04:00,37.71,38.44,37.27,38.0,471050,0.0,0.0,0.0,0.0,0.0
2012-07-02 16:00:00-04:00,38.38,38.38,37.58,37.77,315317,0.0,0.0,0.0,0.0,0.0
2012-07-03 16:00:00-04:00,37.67,37.9,37.55,37.72,132885,0.0,0.0,0.0,0.0,0.0
2012-07-05 16:00:00-04:00,37.59,38.96,37.51,38.85,226817,0.0,0.0,0.0,0.0,0.0
2012-07-06 16:00:00-04:00,38.44,38.82,37.835,38.49,250225,0.0,0.0,0.0,0.0,0.0
2012-07-09 16:00:00-04:00,38.28,38.78,38.28,38.76,355879,0.0,0.0,0.0,0.0,0.0
2012-07-10 16:00:00-04:00,38.77,39.29,38.75,39.13,421563,0.0,0.0,0.0,0.0,0.0
2012-07-11 16:00:00-04:00,39.08,39.62,38.72,39.47,505177,0.0,0.0,0.0,0.0,0.0
2012-07-12 16:00:00-04:00,39.09,39.94,39.0,39.88,360728,0.0,0.0,0.0,0.0,0.0
2012-07-13 16:00:00-04:00,39.82,40.39,39.6,40.21,278596,0.0,0.0,0.0,0.0,0.0
2012-07-16 16:00:00-04:00,39.98,40.93,39.47,40.5,335026,0.0,0.0,0.0,0.0,0.0
2012-07-17 16:00:00-04:00,40.6,41.04,40.37,40.82,318443,0.0,0.0,0.0,0.0,0.0
2012-07-18 16:00:00-04:00,40.75,42.05,40.52,41.84,274941,0.0,0.0,0.0,0.0,0.0
2012-07-19 16:00:00-04:00,42.02,42.67,41.67,42.16,210154,0.0,0.0,0.0,0.0,0.0
2012-07-20 16:00:00-04:00,40.71,41.22,39.9,40.98,379642,0.0,0.0,0.0,0.0,0.0
2012-07-23 16:00:00-04:00,40.39,40.55,39.81,40.17,196213,0.0,0.0,0.0,0.0,0.0
2012-07-24 16:00:00-04:00,40.13,40.27,38.59,38.65,333500,0.0,0.0,0.0,0.0,0.0
2012-07-25 16:00:00-04:00,38.76,38.99,37.81,38.73,479926,0.0,0.0,0.0,0.0,0.0
2012-07-26 16:00:00-04:00,39.44,40.02,38.51,39.84,406528,0.0,0.0,0.0,0.0,0.0
2012-07-27 16:00:00-04:00,39.0,41.98,38.26,41.3,840753,0.0,0.0,0.0,0.0,0.0
2012-07-30 16:00:00-04:00,41.16,41.45,39.6601,39.85,225492,0.0,0.0,0.0,0.0,0.0
2012-07-31 16:00:00-04:00,39.7,40.095,39.441,39.58,237906,0.0,0.0,0.0,0.0,0.0
2012-08-01 16:00:00-04:00,39.69,39.92,38.8,38.8,283664,0.0,0.0,0.0,0.0,0.0
2012-08-02 16:00:00-04:00,38.67,39.3,38.29,38.76,173842,0.0,0.0,0.0,0.0,0.0
2012-08-03 16:00:00-04:00,39.21,40.11,38.6484,39.54,233384,0.0,0.0,0.0,0.0,0.0
2012-08-06 16:00:00-04:00,39.67,40.47,39.5,40.03,187481,0.0,0.0,0.0,0.0,0.0
2012-08-07 16:00:00-04:00,40.22,41.56,40.22,40.82,407976,0.0,0.0,0.0,0.0,0.0
2012-08-08 16:00:00-04:00,40.5,40.73,39.81,40.16,360760,0.0,0.0,0.0,0.0,0.0
2012-08-09 16:00:00-04:00,40.29,40.56,40.02,40.23,197969,0.0,0.0,0.0,0.0,0.0
2012-08-10 16:00:00-04:00,40.27,40.27,39.25,39.73,342513,0.0,0.0,0.0,0.0,0.0
2012-08-13 16:00:00-04:00,39.77,40.14,39.35,39.95,308906,0.0,0.0,0.0,0.0,0.0
2012-08-14 16:00:00-04:00,40.05,40.13,39.26,39.37,281339,0.0,0.0,0.0,0.0,0.0
2012-08-15 16:00:00-04:00,39.46,40.03,39.2301,39.77,231759,0.0,0.0,0.0,0.0,0.0
2012-08-16 16:00:00-04:00,39.83,40.06,39.51,40.0,209741,0.0,0.0,0.0,0.0,0.0
2012-08-17 16:00:00-04:00,39.87,40.2,39.07,39.3,247602,0.0,0.0,0.0,0.0,0.0
2012-08-20 16:00:00-04:00,39.16,39.2186,38.462,38.85,237892,0.0,0.0,0.0,0.0,0.0
2012-08-21 16:00:00-04:00,38.83,39.63,38.68,39.56,297738,0.0,0.0,0.0,0.0,0.0
2012-08-22 16:00:00-04:00,39.63,40.78,39.42,40.51,291639,0.0,0.0,0.0,0.0,0.0
2012-08-23 16:00:00-04:00,40.45,40.64,40.01,40.14,277314,0.0,0.0,0.0,0.0,0.0
2012-08-24 16:00:00-04:00,39.96,40.27,39.75,40.12,172330,0.0,0.0,0.0,0.0,0.0
2012-08-27 16:00:00-04:00,40.24,40.48,39.97,40.2,267226,0.0,0.0,0.0,0.0,0.0
2012-08-28 16:00:00-04:00,40.15,40.43,39.54,40.3,209704,0.0,0.0,0.0,0.0,0.0
2012-08-29 16:00:00-04:00,40.3,41.29,40.08,41.05,271438,0.0,0.0,0.0,0.0,0.0
2012-08-30 16:00:00-04:00,40.8,41.04,40.1966,40.9,202072,0.0,0.0,0.0,0.0,0.0
2012-08-31 16:00:00-04:00,41.2,41.36,40.58,41.05,222633,0.0,0.0,0.0,0.0,0.0
2012-09-04 16:00:00-04:00,40.98,41.49,40.29,41.16,224312,0.0,0.0,0.0,0.0,0.0
2012-09-05 16:00:00-04:00,40.89,41.35,40.64,40.74,181504,0.0,0.0,0.0,0.0,0.0
2012-09-06 16:00:00-04:00,40.99,41.58,40.99,41.5,183376,0.0,0.0,0.0,0.0,0.0
2012-09-07 16:00:00-04:00,41.82,42.6,41.42,42.52,292483,0.0,0.0,0.0,0.0,0.0
2012-09-10 16:00:00-04:00,42.37,43.42,42.36,43.31,293416,0.0,0.0,0.0,0.0,0.0
2012-09-11 16:00:00-04:00,43.43,43.95,43.2,43.94,317094,0.0,0.0,0.0,0.0,0.0
2012-09-12 16:00:00-04:00,43.92,44.3499,43.6,43.93,226275,0.0,0.0,0.0,0.0,0.0
2012-09-13 16:00:00-04:00,44.01,44.77,43.32,44.27,244290,0.0,0.0,0.0,0.0,0.0
2012-09-14 16:00:00-04:00,44.49,45.0,43.47,43.78,214087,0.0,0.0,0.0,0.0,0.0
2012-09-17 16:00:00-04:00,43.74,43.74,42.915,42.98,153982,0.0,0.0,0.0,0.0,0.0
2012-09-18 16:00:00-04:00,42.8,43.42,41.96,43.41,129210,0.0,0.0,0.0,0.0,0.0
2012-09-19 16:00:00-04:00,43.5,44.37,42.6584,44.29,229769,0.0,0.0,0.0,0.0,0.0
2012-09-20 16:00:00-04:00,44.01,44.55,43.65,44.27,173610,0.0,0.0,0.0,0.0,0.0
2012-09-21 16:00:00-04:00,44.58,44.97,44.15,44.44,274110,0.0,0.0,0.0,0.0,0.0
2012-09-24 16:00:00-04:00,44.3699,45.23,43.9339,44.73,180520,0.0,0.0,0.0,0.0,0.0
2012-09-25 16:00:00-04:00,44.83,45.14,44.0,44.07,240889,0.0,0.0,0.0,0.0,0.0
2012-09-26 16:00:00-04:00,44.06,44.53,43.74,44.27,135757,0.0,0.0,0.0,0.0,0.0
2012-09-27 16:00:00-04:00,44.38,45.36,44.01,45.22,235071,0.0,0.0,0.0,0.0,0.0
2012-09-28 16:00:00-04:00,44.81,45.58,44.28,45.35,256635,0.0,0.0,0.0,0.0,0.0
2012-10-01 16:00:00-04:00,45.38,45.59,44.93,45.29,322009,0.0,0.0,0.0,0.0,0.0
2012-10-02 16:00:00-04:00,45.5,45.63,44.79,45.15,281014,0.0,0.0,0.0,0.0,0.0
2012-10-03 16:00:00-04:00,45.08,45.27,42.62,43.08,564599,0.0,0.0,0.0,0.0,0.0
2012-10-04 16:00:00-04:00,43.11,43.464,42.1,42.34,406793,0.0,0.0,0.0,0.0,0.0
2012-10-05 16:00:00-04:00,42.26,42.5652,41.09,41.29,493600,0.0,0.0,0.0,0.0,0.0
2012-10-08 16:00:00-04:00,41.25,41.25,39.89,40.54,757621,0.0,0.0,0.0,0.0,0.0
2012-10-09 16:00:00-04:00,40.75,40.84,39.8,40.26,330068,0.0,0.0,0.0,0.0,0.0
2012-10-10 16:00:00-04:00,40.37,41.17,40.1901,40.62,298501,0.0,0.0,0.0,0.0,0.0
2012-10-11 16:00:00-04:00,40.75,40.88,40.43,40.48,224008,0.0,0.0,0.0,0.0,0.0
2012-10-12 16:00:00-04:00,40.29,40.53,39.64,39.99,157134,0.0,0.0,0.0,0.0,0.0
2012-10-15 16:00:00-04:00,40.22,40.4,39.6,40.11,279815,0.0,0.0,0.0,0.0,0.0
2012-10-16 16:00:00-04:00,40.22,40.5463,39.92,40.09,241912,0.0,0.0,0.0,0.0,0.0
2012-10-17 16:00:00-04:00,40.22,40.22,39.63,39.87,228176,0.0,0.0,0.0,0.0,0.0
2012-10-18 16:00:00-04:00,39.74,40.05,39.37,39.54,241473,0.0,0.0,0.0,0.0,0.0
2012-10-19 16:00:00-04:00,39.07,39.09,37.0,37.92,837757,0.0,0.0,0.0,0.0,0.0
2012-10-22 16:00:00-04:00,38.37,38.5199,37.15,37.49,286159,0.0,0.0,0.0,0.0,0.0
2012-10-23 16:00:00-04:00,37.29,38.28,36.8,38.1,1217309,0.0,0.0,0.0,0.0,0.0
2012-10-24 16:00:00-04:00,38.17,38.61,37.28,37.77,685580,0.0,0.0,0.0,0.0,0.0
2012-10-25 16:00:00-04:00,38.17,39.032,38.05,38.28,477568,0.0,0.0,0.0,0.0,0.0
2012-10-26 16:00:00-04:00,35.53,36.48,31.03,32.27,5316675,0.0,0.0,0.0,0.0,0.0
2012-10-31 16:00:00-04:00,32.36,33.12,31.79,33.12,862527,0.0,0.0,0.0,0.0,0.0
2012-11-01 16:00:00-04:00,33.13,33.66,32.95,33.5255,923149,0.0,0.0,0.0,0.0,0.0
2012-11-02 16:00:00-04:00,33.76,33.99,33.45,33.56,421528,0.0,0.0,0.0,0.0,0.0
2012-11-05 16:00:00-05:00,33.65,33.8598,32.8,32.94,241315,0.0,0.0,0.0,0.0,0.0
2012-11-06 16:00:00-05:00,32.95,33.72,32.775,33.6,382886,0.0,0.0,0.0,0.0,0.0
2012-11-07 16:00:00-05:00,33.41,34.74,33.0,34.32,604092,0.0,0.0,0.0,0.0,0.0
2012-11-08 16:00:00-05:00,34.35,34.76,33.0,33.23,234372,0.0,0.0,0.0,0.0,0.0
2012-11-09 16:00:00-05:00,33.18,34.0799,33.1001,33.49,436601,0.0,0.0,0.0,0.0,0.0
2012-11-12 16:00:00-05:00,33.82,34.26,33.66,33.95,198007,0.0,0.0,0.0,0.0,0.0
2012-11-13 16:00:00-05:00,33.85,34.26,33.14,33.29,361724,0.0,0.0,0.0,0.0,0.0
2012-11-14 16:00:00-05:00,33.46,33.6,32.73,32.85,292291,0.0,0.0,0.0,0.0,0.0
2012-11-15 16:00:00-05:00,32.96,33.91,32.82,33.79,333299,0.0,0.0,0.0,0.0,0.0
2012-11-16 16:00:00-05:00,33.66,34.01,32.85,33.51,319571,0.0,0.0,0.0,0.0,0.0
2012-11-19 16:00:00-05:00,33.86,33.86,32.95,33.25,323635,0.0,0.0,0.0,0.0,0.0
2012-11-20 16:00:00-05:00,33.28,33.4876,32.41,32.83,323377,0.0,0.0,0.0,0.0,0.0
2012-11-21 16:00:00-05:00,32.98,33.45,32.8,33.35,142887,0.0,0.0,0.0,0.0,0.0
2012-11-23 13:00:00-05:00,33.53,33.73,33.31,33.58,83106,0.0,0.0,0.0,0.0,0.0
2012-11-26 16:00:00-05:00,33.6,33.61,33.07,33.43,180693,0.0,0.0,0.0,0.0,0.0
2012-11-27 16:00:00-05:00,33.46,34.25,33.2324,33.92,257760,0.0,0.0,0.0,0.0,0.0
2012-11-28 16:00:00-05:00,33.88,34.44,33.6028,34.2,363705,0.0,0.0,0.0,0.0,0.0
2012-11-29 16:00:00-05:00,34.23,35.1599,34.14,34.98,271844,0.0,0.0,0.0,0.0,0.0
2012-11-30 16:00:00-05:00,35.0,35.1285,34.2,34.29,244067,0.0,0.0,0.0,0.0,0.0
2012-12-03 16:00:00-05:00,34.44,34.71,33.91,34.3703,152506,0.0,0.0,0.0,0.0,0.0
2012-12-04 16:00:00-05:00,34.02,34.35,32.3,32.365,447455,0.0,0.0,0.0,0.0,0.0
2012-12-05 16:00:00-05:00,32.45,32.55,31.88,32.2,269695,0.0,0.0,0.0,0.0,0.0
2012-12-06 16:00:00-05:00,32.16,32.47,32.0301,32.25,189793,0.0,0.0,0.0,0.0,0.0
2012-12-07 16:00:00-05:00,32.43,32.5975,32.2,32.35,106371,0.0,0.0,0.0,0.0,0.0
2012-12-10 16:00:00-05:00,32.6,32.91,32.1,32.29,287665,0.0,0.0,0.0,0.0,0.0
2012-12-11 16:00:00-05:00,32.44,32.86,32.21,32.51,192525,0.0,0.0,0.0,0.0,0.0
2012-12-12 16:00:00-05:00,32.65,32.89,32.28,32.429,186790,0.0,0.0,0.0,0.0,0.0
2012-12-13 16:00:00-05:00,32.32,32.8963,32.32,32.71,146206,0.0,0.0,0.0,0.0,0.0
2012-12-14 16:00:00-05:00,32.43,33.22,32.4,33.01,185857,0.0,0.0,0.0,0.0,0.0
2012-12-17 16:00:00-05:00,33.26,33.86,32.83,33.04,345585,0.0,0.0,0.0,0.0,0.0
2012-12-18 16:00:00-05:00,33.14,37.17,33.14,35.19,786235,0.0,0.0,0.0,0.0,0.0
2012-12-19 16:00:00-05:00,33.73,34.8,33.25,34.6504,430596,0.0,0.0,0.0,0.0,0.0
2012-12-20 16:00:00-05:00,34.56,34.8199,34.1,34.61,216318,0.0,0.0,0.0,0.0,0.0
2012-12-21 16:00:00-05:00,34.32,34.53,33.71,34.18,513291,0.0,0.0,0.0,0.0,0.0
2012-12-24 13:00:00-05:00,33.85,34.25,33.59,34.23,57706,0.0,0.0,0.0,0.0,0.0
2012-12-26 16:00:00-05:00,34.25,34.27,33.7601,33.9,137526,0.0,0.0,0.0,0.0,0.0
2012-12-27 16:00:00-05:00,34.03,34.23,33.8,34.1,124623,0.0,0.0,0.0,0.0,0.0
2012-12-28 16:00:00-05:00,33.87,34.02,33.12,33.13,277234,0.0,0.0,0.0,0.0,0.0
2012-12-31 16:00:00-05:00,33.2,33.339,32.79,32.9,410498,0.0,0.0,0.0,0.0,0.0
2013-01-02 16:00:00-05:00,33.35,34.4599,33.28,33.53,487362,0.0,0.0,0.0,0.0,0.0
2013-01-03 16:00:00-05:00,33.62,35.4,33.36,34.67,524505,0.0,0.0,0.0,0.0,0.0
2013-01-04 16:00:00-05:00,34.98,35.66,34.52,35.15,311517,0.0,0.0,0.0,0.0,0.0
2013-01-07 16:00:00-05:00,35.31,35.3779,34.66,35.27,125854,0.0,0.0,0.0,0.0,0.0
2013-01-08 16:00:00-05:00,35.13,35.48,33.98,34.08,274130,0.0,0.0,0.0,0.0,0.0
2013-01-09 16:00:00-05:00,33.0,33.55,32.58,32.96,488305,0.0,0.0,0.0,0.0,0.0
2013-01-10 16:00:00-05:00,33.5,36.42,33.25,33.95,1441306,0.0,0.0,0.0,0.0,0.0
2013-01-11 16:00:00-05:00,33.92,34.09,33.54,34.09,382085,0.0,0.0,0.0,0.0,0.0
2013-01-14 16:00:00-05:00,34.1,34.55,33.62,34.2,351679,0.0,0.0,0.0,0.0,0.0
2013-01-15 16:00:00-05:00,34.02,34.39,33.86,34.14,481187,0.0,0.0,0.0,0.0,0.0
2013-01-16 16:00:00-05:00,33.97,33.97,33.1,33.25,302059,0.0,0.0,0.0,0.0,0.0
2013-01-17 16:00:00-05:00,33.44,33.97,33.3,33.74,376845,0.0,0.0,0.0,0.0,0.0
2013-01-18 16:00:00-05:00,33.74,33.74,32.94,33.15,557412,0.0,0.0,0.0,0.0,0.0
2013-01-22 16:00:00-05:00,33.09,33.94,33.06,33.7,252395,0.0,0.0,0.0,0.0,0.0
2013-01-23 16:00:00-05:00,33.78,33.89,32.91,33.0,235177,0.0,0.0,0.0,0.0,0.0
2013-01-24 16:00:00-05:00,32.98,33.35,32.94,33.35,260192,0.0,0.0,0.0,0.0,0.0
2013-01-25 16:00:00-05:00,33.56,33.56,32.6801,32.84,398618,0.0,0.0,0.0,0.0,0.0
2013-01-28 16:00:00-05:00,32.84,33.04,32.39,32.73,271161,0.0,0.0,0.0,0.0,0.0
2013-01-29 16:00:00-05:00,32.77,32.77,31.93,32.08,329268,0.0,0.0,0.0,0.0,0.0
2013-01-30 16:00:00-05:00,32.05,32.055,31.27,31.48,334929,0.0,0.0,0.0,0.0,0.0
2013-01-31 16:00:00-05:00,31.5,32.02,31.3,31.97,485395,0.0,0.0,0.0,0.0,0.0
2013-02-01 16:00:00-05:00,32.18,32.31,31.87,32.09,373914,0.0,0.0,0.0,0.0,0.0
2013-02-04 16:00:00-05:00,32.03,32.31,31.91,32.04,365498,0.0,0.0,0.0,0.0,0.0
2013-02-05 16:00:00-05:00,32.04,32.17,31.91,32.01,236645,0.0,0.0,0.0,0.0,0.0
2013-02-06 16:00:00-05:00,31.98,33.0,31.94,32.98,225860,0.0,0.0,0.0,0.0,0.0
2013-02-07 16:00:00-05:00,32.86,33.53,32.86,33.47,382399,0.0,0.0,0.0,0.0,0.0
2013-02-08 16:00:00-05:00,33.41,33.71,33.22,33.42,197210,0.0,0.0,0.0,0.0,0.0
2013-02-11 16:00:00-05:00,33.48,33.93,33.06,33.78,333714,0.0,0.0,0.0,0.0,0.0
2013-02-12 16:00:00-05:00,33.75,34.57,33.68,34.5,347336,0.0,0.0,0.0,0.0,0.0
2013-02-13 16:00:00-05:00,34.34,34.36,33.05,33.43,525211,0.0,0.0,0.0,0.0,0.0
2013-02-14 16:00:00-05:00,33.43,33.65,33.15,33.58,141784,0.0,0.0,0.0,0.0,0.0
2013-02-15 16:00:00-05:00,33.87,34.0399,33.12,33.16,579386,0.0,0.0,0.0,0.0,0.0
2013-02-19 16:00:00-05:00,33.17,34.5799,32.95,33.1,523350,0.0,0.0,0.0,0.0,0.0
2013-02-20 16:00:00-05:00,31.78,31.85,29.0,30.58,2052118,0.0,0.0,0.0,0.0,0.0
2013-02-21 16:00:00-05:00,30.28,30.94,30.15,30.54,582116,0.0,0.0,0.0,0.0,0.0
2013-02-22 16:00:00-05:00,30.74,31.23,30.42,31.11,301108,0.0,0.0,0.0,0.0,0.0
2013-02-25 16:00:00-05:00,31.14,31.22,30.52,30.57,314848,0.0,0.0,0.0,0.0,0.0
2013-02-26 16:00:00-05:00,30.51,30.71,30.26,30.52,490699,0.0,0.0,0.0,0.0,0.0
2013-02-27 16:00:00-05:00,30.55,31.59,30.55,31.3,448564,0.0,0.0,0.0,0.0,0.0
2013-02-28 16:00:00-05:00,31.33,31.36,30.6,30.79,484752,0.0,0.0,0.0,0.0,0.0
2013-03-01 16:00:00-05:00,30.61,30.93,30.0,30.54,323035,0.0,0.0,0.0,0.0,0.0
2013-03-04 16:00:00-05:00,30.31,30.36,29.1815,29.49,526924,0.0,0.0,0.0,0.0,0.0
2013-03-05 16:00:00-05:00,29.66,29.99,29.5222,29.79,397871,0.0,0.0,0.0,0.0,0.0
2013-03-06 16:00:00-05:00,29.8,29.94,29.17,29.4,499158,0.0,0.0,0.0,0.0,0.0
2013-03-07 16:00:00-05:00,29.37,30.265,28.942,30.16,700456,0.0,0.0,0.0,0.0,0.0
2013-03-08 16:00:00-05:00,30.31,31.1,30.31,31.09,558037,0.0,0.0,0.0,0.0,0.0
2013-03-11 16:00:00-04:00,31.0,31.46,30.82,31.43,286156,0.0,0.0,0.0,0.0,0.0
2013-03-12 16:00:00-04:00,31.48,31.84,31.46,31.51,367449,0.0,0.0,0.0,0.0,0.0
2013-03-13 16:00:00-04:00,31.53,32.31,31.53,31.91,316249,0.0,0.0,0.0,0.0,0.0
2013-03-14 16:00:00-04:00,32.01,32.2,31.535,32.15,388846,0.0,0.0,0.0,0.0,0.0
2013-03-15 16:00:00-04:00,32.18,32.24,31.48,31.67,386757,0.0,0.0,0.0,0.0,0.0
2013-03-18 16:00:00-04:00,31.39,31.72,30.95,31.58,161247,0.0,0.0,0.0,0.0,0.0
2013-03-19 16:00:00-04:00,31.58,31.64,31.06,31.41,191080,0.0,0.0,0.0,0.0,0.0
2013-03-20 16:00:00-04:00,32.0,32.24,31.52,31.99,241457,0.0,0.0,0.0,0.0,0.0
2013-03-21 16:00:00-04:00,31.8,32.53,31.8,32.33,209121,0.0,0.0,0.0,0.0,0.0
2013-03-22 16:00:00-04:00,32.43,32.84,32.19,32.69,212123,0.0,0.0,0.0,0.0,0.0
2013-03-25 16:00:00-04:00,32.71,33.0,32.615,32.68,282397,0.0,0.0,0.0,0.0,0.0
2013-03-26 16:00:00-04:00,32.75,33.02,32.35,33.02,231322,0.0,0.0,0.0,0.0,0.0
2013-03-27 16:00:00-04:00,32.79,33.34,32.7425,33.03,212158,0.0,0.0,0.0,0.0,0.0
2013-03-28 16:00:00-04:00,33.03,33.48,32.89,33.28,258187,0.0,0.0,0.0,0.0,0.0
2013-04-01 16:00:00-04:00,33.16,33.49,32.5,32.73,281618,0.0,0.0,0.0,0.0,0.0
2013-04-02 16:00:00-04:00,32.73,32.861,31.94,32.09,174791,0.0,0.0,0.0,0.0,0.0
2013-04-03 16:00:00-04:00,32.24,32.44,31.3,31.57,245711,0.0,0.0,0.0,0.0,0.0
2013-04-04 16:00:00-04:00,31.65,32.67,31.62,32.63,267081,0.0,0.0,0.0,0.0,0.0
2013-04-05 16:00:00-04:00,32.23,32.75,32.045,32.73,196835,0.0,0.0,0.0,0.0,0.0
2013-04-08 16:00:00-04:00,32.72,33.16,32.66,33.01,297821,0.0,0.0,0.0,0.0,0.0
2013-04-09 16:00:00-04:00,33.02,33.7,32.97,33.6,392563,0.0,0.0,0.0,0.0,0.0
2013-04-10 16:00:00-04:00,33.71,34.555,33.71,34.01,352639,0.0,0.0,0.0,0.0,0.0
2013-04-11 16:00:00-04:00,33.88,34.15,33.07,33.25,260706,0.0,0.0,0.0,0.0,0.0
2013-04-12 16:00:00-04:00,33.01,33.46,32.75,33.35,142909,0.0,0.0,0.0,0.0,0.0
2013-04-15 16:00:00-04:00,33.19,33.455,32.08,32.27,184357,0.0,0.0,0.0,0.0,0.0
2013-04-16 16:00:00-04:00,32.51,32.65,32.19,32.52,279469,0.0,0.0,0.0,0.0,0.0
2013-04-17 16:00:00-04:00,32.22,32.57,31.9,32.43,168488,0.0,0.0,0.0,0.0,0.0
2013-04-18 16:00:00-04:00,32.58,32.58,31.511,31.71,173859,0.0,0.0,0.0,0.0,0.0
2013-04-19 16:00:00-04:00,31.76,32.449,31.63,32.15,179561,0.0,0.0,0.0,0.0,0.0
2013-04-22 16:00:00-04:00,31.96,32.04,31.32,31.74,233170,0.0,0.0,0.0,0.0,0.0
2013-04-23 16:00:00-04:00,31.06,32.64,31.06,32.51,266958,0.0,0.0,0.0,0.0,0.0
2013-04-24 16:00:00-04:00,32.64,33.51,32.1915,33.5,430466,0.0,0.0,0.0,0.0,0.0
2013-04-25 16:00:00-04:00,33.99,34.845,33.74,34.32,768424,0.0,0.0,0.0,0.0,0.0
2013-04-26 16:00:00-04:00,35.18,36.96,34.4723,35.91,703867,0.0,0.0,0.0,0.0,0.0
2013-04-29 16:00:00-04:00,36.12,36.37,34.59,34.62,412384,0.0,0.0,0.0,0.0,0.0
2013-04-30 16:00:00-04:00,34.59,34.8,33.95,34.3,442746,0.0,0.0,0.0,0.0,0.0
2013-05-01 16:00:00-04:00,34.28,34.385,33.05,33.3,539777,0.0,0.0,0.0,0.0,0.0
2013-05-02 16:00:00-04:00,33.32,34.6,33.12,34.27,292988,0.0,0.0,0.0,0.0,0.0
2013-05-03 16:00:00-04:00,34.58,35.8,34.265,35.28,425573,0.0,0.0,0.0,0.0,0.0
2013-05-06 16:00:00-04:00,34.98,35.72,34.92,35.18,249629,0.0,0.0,0.0,0.0,0.0
2013-05-07 16:00:00-04:00,35.18,35.87,34.77,35.3,219622,0.0,0.0,0.0,0.0,0.0
2013-05-08 16:00:00-04:00,35.08,35.29,34.6,35.29,296280,0.0,0.0,0.0,0.0,0.0
2013-05-09 16:00:00-04:00,35.15,35.72,35.02,35.43,182568,0.0,0.0,0.0,0.0,0.0
2013-05-10 16:00:00-04:00,35.37,36.82,35.31,36.53,314358,0.0,0.0,0.0,0.0,0.0
2013-05-13 16:00:00-04:00,36.23,36.54,36.23,36.31,352776,0.0,0.0,0.0,0.0,0.0
2013-05-14 16:00:00-04:00,36.24,37.21,36.22,37.15,280870,0.0,0.0,0.0,0.0,0.0
2013-05-15 16:00:00-04:00,37.17,37.79,36.86,37.03,234654,0.0,0.0,0.0,0.0,0.0
2013-05-16 16:00:00-04:00,36.87,37.6,36.67,37.12,300486,0.0,0.0,0.0,0.0,0.0
2013-05-17 16:00:00-04:00,37.23,37.49,36.98,37.49,281667,0.0,0.0,0.0,0.0,0.0
2013-05-20 16:00:00-04:00,37.8,38.455,37.51,38.42,384328,0.0,0.0,0.0,0.0,0.0
2013-05-21 16:00:00-04:00,38.54,38.94,38.48,38.87,402007,0.0,0.0,0.0,0.0,0.0
2013-05-22 16:00:00-04:00,39.02,39.26,38.59,38.79,301108,0.0,0.0,0.0,0.0,0.0
2013-05-23 16:00:00-04:00,38.36,38.77,37.82,37.99,304178,0.0,0.0,0.0,0.0,0.0
2013-05-24 16:00:00-04:00,37.69,37.886,36.86,37.03,324638,0.0,0.0,0.0,0.0,0.0
2013-05-28 16:00:00-04:00,37.36,38.03,36.93,37.29,266156,0.0,0.0,0.0,0.0,0.0
2013-05-29 16:00:00-04:00,37.23,37.546,36.91,37.21,190522,0.0,0.0,0.0,0.0,0.0
2013-05-30 16:00:00-04:00,37.32,37.87,37.17,37.76,179557,0.0,0.0,0.0,0.0,0.0
2013-05-31 16:00:00-04:00,37.69,38.44,37.51,37.54,192750,0.0,0.0,0.0,0.0,0.0
2013-06-03 16:00:00-04:00,37.41,37.97,36.94,37.82,181883,0.0,0.0,0.0,0.0,0.0
2013-06-04 16:00:00-04:00,37.91,38.26,37.44,37.58,133943,0.0,0.0,0.0,0.0,0.0
2013-06-05 16:00:00-04:00,37.56,37.99,37.13,37.23,123714,0.0,0.0,0.0,0.0,0.0
2013-06-06 16:00:00-04:00,37.24,37.67,37.19,37.64,108719,0.0,0.0,0.0,0.0,0.0
2013-06-07 16:00:00-04:00,37.91,37.91,37.4,37.82,230044,0.0,0.0,0.0,0.0,0.0
2013-06-10 16:00:00-04:00,38.06,38.98,37.96,38.82,205558,0.0,0.0,0.0,0.0,0.0
2013-06-11 16:00:00-04:00,38.44,38.86,37.79,37.99,233364,0.0,0.0,0.0,0.0,0.0
2013-06-12 16:00:00-04:00,38.07,38.33,37.27,37.64,177082,0.0,0.0,0.0,0.0,0.0
2013-06-13 16:00:00-04:00,37.66,38.25,37.174,38.21,166386,0.0,0.0,0.0,0.0,0.0
2013-06-14 16:00:00-04:00,38.21,38.34,38.01,38.11,108618,0.0,0.0,0.0,0.0,0.0
2013-06-17 16:00:00-04:00,38.37,38.72,38.0425,38.16,112652,0.0,0.0,0.0,0.0,0.0
2013-06-18 16:00:00-04:00,38.11,38.6,37.71,37.93,183051,0.0,0.0,0.0,0.0,0.0
2013-06-19 16:00:00-04:00,37.95,38.46,37.48,37.48,215140,0.0,0.0,0.0,0.0,0.0
2013-06-20 16:00:00-04:00,37.0,37.32,36.34,36.39,216227,0.0,0.0,0.0,0.0,0.0
2013-06-21 16:00:00-04:00,36.34,36.69,35.06,35.79,432676,0.0,0.0,0.0,0.0,0.0
2013-06-24 16:00:00-04:00,35.43,35.78,35.12,35.63,304653,0.0,0.0,0.0,0.0,0.0
2013-06-25 16:00:00-04:00,35.86,36.245,35.5901,35.75,137248,0.0,0.0,0.0,0.0,0.0
2013-06-26 16:00:00-04:00,35.99,37.19,35.89,36.97,233993,0.0,0.0,0.0,0.0,0.0
2013-06-27 16:00:00-04:00,37.09,37.45,36.7,37.28,242279,0.0,0.0,0.0,0.0,0.0
2013-06-28 16:00:00-04:00,37.17,37.61,36.94,37.1,324889,0.0,0.0,0.0,0.0,0.0
2013-07-01 16:00:00-04:00,37.22,38.43,37.1,38.11,283742,0.0,0.0,0.0,0.0,0.0
2013-07-02 16:00:00-04:00,38.13,38.7,38.13,38.59,164071,0.0,0.0,0.0,0.0,0.0
2013-07-03 16:00:00-04:00,38.5,38.5775,37.77,38.24,135068,0.0,0.0,0.0,0.0,0.0
2013-07-05 16:00:00-04:00,38.84,38.85,38.366,38.79,75649,0.0,0.0,0.0,0.0,0.0
2013-07-08 16:00:00-04:00,38.96,39.56,38.78,39.46,116615,0.0,0.0,0.0,0.0,0.0
2013-07-09 16:00:00-04:00,39.72,40.54,39.53,40.09,261943,0.0,0.0,0.0,0.0,0.0
2013-07-10 16:00:00-04:00,40.02,40.13,39.5401,39.77,178568,0.0,0.0,0.0,0.0,0.0
2013-07-11 16:00:00-04:00,40.07,40.84,39.88,40.61,240869,0.0,0.0,0.0,0.0,0.0
2013-07-12 16:00:00-04:00,40.51,40.989,39.9,40.01,176679,0.0,0.0,0.0,0.0,0.0
2013-07-15 16:00:00-04:00,40.01,40.42,39.26,39.68,178562,0.0,0.0,0.0,0.0,0.0
2013-07-16 16:00:00-04:00,40.24,40.4,39.4,39.54,352969,0.0,0.0,0.0,0.0,0.0
2013-07-17 16:00:00-04:00,39.25,39.56,37.8,38.31,285419,0.0,0.0,0.0,0.0,0.0
2013-07-18 16:00:00-04:00,38.29,38.63,38.0225,38.42,180122,0.0,0.0,0.0,0.0,0.0
2013-07-19 16:00:00-04:00,38.4,38.4,37.06,37.13,224714,0.0,0.0,0.0,0.0,0.0
2013-07-22 16:00:00-04:00,37.04,37.33,36.195,37.19,223937,0.0,0.0,0.0,0.0,0.0
2013-07-23 16:00:00-04:00,36.86,37.31,36.504,36.83,201809,0.0,0.0,0.0,0.0,0.0
2013-07-24 16:00:00-04:00,36.68,36.7199,35.1201,35.65,364825,0.0,0.0,0.0,0.0,0.0
2013-07-25 16:00:00-04:00,35.65,35.85,34.87,35.72,330596,0.0,0.0,0.0,0.0,0.0
2013-07-26 16:00:00-04:00,35.52,36.0,35.33,35.87,232482,0.0,0.0,0.0,0.0,0.0
2013-07-29 16:00:00-04:00,35.87,36.08,35.205,35.66,159656,0.0,0.0,0.0,0.0,0.0
2013-07-30 16:00:00-04:00,35.83,36.05,35.39,35.84,383377,0.0,0.0,0.0,0.0,0.0
2013-07-31 16:00:00-04:00,35.99,36.05,35.25,35.64,659209,0.0,0.0,0.0,0.0,0.0
2013-08-01 16:00:00-04:00,32.55,33.0,30.77,31.56,2117397,0.0,0.0,0.0,0.0,0.0
2013-08-02 16:00:00-04:00,31.44,31.69,31.05,31.21,369671,0.0,0.0,0.0,0.0,0.0
2013-08-05 16:00:00-04:00,31.14,32.01,31.1,31.79,405273,0.0,0.0,0.0,0.0,0.0
2013-08-06 16:00:00-04:00,31.8,31.85,31.13,31.18,263166,0.0,0.0,0.0,0.0,0.0
2013-08-07 16:00:00-04:00,31.0,31.22,30.88,31.21,322431,0.0,0.0,0.0,0.0,0.0
2013-08-08 16:00:00-04:00,31.43,31.56,31.2,31.53,342879,0.0,0.0,0.0,0.0,0.0
2013-08-09 16:00:00-04:00,31.56,31.85,31.39,31.77,294286,0.0,0.0,0.0,0.0,0.0
2013-08-12 16:00:00-04:00,31.67,31.97,31.66,31.89,163861,0.0,0.0,0.0,0.0,0.0
2013-08-13 16:00:00-04:00,31.9,32.57,31.72,32.44,306297,0.0,0.0,0.0,0.0,0.0
2013-08-14 16:00:00-04:00,32.35,32.89,32.27,32.7,311483,0.0,0.0,0.0,0.0,0.0
2013-08-15 16:00:00-04:00,32.22,32.59,32.1201,32.4,478031,0.0,0.0,0.0,0.0,0.0
2013-08-16 16:00:00-04:00,32.21,32.47,32.07,32.44,253220,0.0,0.0,0.0,0.0,0.0
2013-08-19 16:00:00-04:00,32.23,32.63,32.23,32.59,636909,0.0,0.0,0.0,0.0,0.0
2013-08-20 16:00:00-04:00,32.75,32.8925,32.51,32.73,281949,0.0,0.0,0.0,0.0,0.0
2013-08-21 16:00:00-04:00,32.72,33.37,32.39,32.88,323754,0.0,0.0,0.0,0.0,0.0
2013-08-22 16:00:00-04:00,32.87,33.61,32.87,33.35,141676,0.0,0.0,0.0,0.0,0.0
2013-08-23 16:00:00-04:00,33.34,33.5,32.66,33.16,164816,0.0,0.0,0.0,0.0,0.0
2013-08-26 16:00:00-04:00,33.14,33.41,32.94,33.16,192613,0.0,0.0,0.0,0.0,0.0
2013-08-27 16:00:00-04:00,32.75,33.11,32.52,32.64,191177,0.0,0.0,0.0,0.0,0.0
2013-08-28 16:00:00-04:00,32.61,33.06,32.36,32.83,242849,0.0,0.0,0.0,0.0,0.0
2013-08-29 16:00:00-04:00,32.74,33.08,32.54,32.56,286855,0.0,0.0,0.0,0.0,0.0
2013-08-30 16:00:00-04:00,32.41,32.6,31.06,31.24,383083,0.0,0.0,0.0,0.0,0.0
2013-09-03 16:00:00-04:00,31.5,31.97,30.66,30.96,378160,0.0,0.0,0.0,0.0,0.0
2013-09-04 16:00:00-04:00,30.95,31.22,30.69,30.78,251830,0.0,0.0,0.0,0.0,0.0
2013-09-05 16:00:00-04:00,30.69,31.7,30.68,31.46,227747,0.0,0.0,0.0,0.0,0.0
2013-09-06 16:00:00-04:00,31.55,31.92,31.19,31.41,169917,0.0,0.0,0.0,0.0,0.0
2013-09-09 16:00:00-04:00,31.58,32.06,31.46,31.98,235847,0.0,0.0,0.0,0.0,0.0
2013-09-10 16:00:00-04:00,32.03,32.03,31.46,31.69,205679,0.0,0.0,0.0,0.0,0.0
2013-09-11 16:00:00-04:00,31.54,32.2299,31.5,31.98,126223,0.0,0.0,0.0,0.0,0.0
2013-09-12 16:00:00-04:00,31.92,32.12,31.17,31.46,235226,0.0,0.0,0.0,0.0,0.0
2013-09-13 16:00:00-04:00,31.55,31.71,31.01,31.67,200282,0.0,0.0,0.0,0.0,0.0
2013-09-16 16:00:00-04:00,31.89,32.1425,31.54,31.85,102627,0.0,0.0,0.0,0.0,0.0
2013-09-17 16:00:00-04:00,31.91,32.35,31.79,32.13,482180,0.0,0.0,0.0,0.0,0.0
2013-09-18 16:00:00-04:00,32.52,32.52,31.4,31.89,244167,0.0,0.0,0.0,0.0,0.0
2013-09-19 16:00:00-04:00,31.83,31.98,31.32,31.54,96639,0.0,0.0,0.0,0.0,0.0
2013-09-20 16:00:00-04:00,31.53,31.81,30.85,30.89,325383,0.0,0.0,0.0,0.0,0.0
2013-09-23 16:00:00-04:00,30.81,30.81,30.12,30.41,297730,0.0,0.0,0.0,0.0,0.0
2013-09-24 16:00:00-04:00,30.38,31.1,30.18,30.7,273674,0.0,0.0,0.0,0.0,0.0
2013-09-25 16:00:00-04:00,30.65,30.859,29.59,29.7,708515,0.0,0.0,0.0,0.0,0.0
2013-09-26 16:00:00-04:00,29.76,29.89,29.2,29.33,334397,0.0,0.0,0.0,0.0,0.0
2013-09-27 16:00:00-04:00,29.21,29.4499,28.36,28.7,439693,0.0,0.0,0.0,0.0,0.0
2013-09-30 16:00:00-04:00,28.5,28.83,28.45,28.67,584014,0.0,0.0,0.0,0.0,0.0
2013-10-01 16:00:00-04:00,28.63,29.17,28.47,29.08,393264,0.0,0.0,0.0,0.0,0.0
2013-10-02 16:00:00-04:00,29.03,29.36,28.9,29.27,269440,0.0,0.0,0.0,0.0,0.0
2013-10-03 16:00:00-04:00,29.14,29.49,28.69,28.7,572824,0.0,0.0,0.0,0.0,0.0
2013-10-04 16:00:00-04:00,28.71,29.0,28.12,28.25,411182,0.0,0.0,0.0,0.0,0.0
2013-10-07 16:00:00-04:00,28.0,28.26,27.75,27.9,522828,0.0,0.0,0.0,0.0,0.0
2013-10-08 16:00:00-04:00,27.82,28.92,27.82,28.8,985453,0.0,0.0,0.0,0.0,0.0
2013-10-09 16:00:00-04:00,28.71,29.29,28.14,28.97,508858,0.0,0.0,0.0,0.0,0.0
2013-10-10 16:00:00-04:00,29.17,29.81,28.94,29.41,327491,0.0,0.0,0.0,0.0,0.0
2013-10-11 16:00:00-04:00,29.32,29.56,28.86,28.99,269734,0.0,0.0,0.0,0.0,0.0
2013-10-14 16:00:00-04:00,28.84,29.02,28.58,28.84,209678,0.0,0.0,0.0,0.0,0.0
2013-10-15 16:00:00-04:00,28.7,28.81,28.39,28.48,175324,0.0,0.0,0.0,0.0,0.0
2013-10-16 16:00:00-04:00,28.61,28.9677,28.09,28.16,232680,0.0,0.0,0.0,0.0,0.0
2013-10-17 16:00:00-04:00,28.03,28.31,27.9,27.98,374311,0.0,0.0,0.0,0.0,0.0
2013-10-18 16:00:00-04:00,28.15,28.17,27.51,27.91,500135,0.0,0.0,0.0,0.0,0.0
2013-10-21 16:00:00-04:00,27.83,28.64,27.83,28.55,445417,0.0,0.0,0.0,0.0,0.0
2013-10-22 16:00:00-04:00,28.6,30.0,28.6,29.46,726336,0.0,0.0,0.0,0.0,0.0
2013-10-23 16:00:00-04:00,29.4,29.478,29.01,29.17,306226,0.0,0.0,0.0,0.0,0.0
2013-10-24 16:00:00-04:00,29.35,29.69,28.8,29.19,504301,0.0,0.0,0.0,0.0,0.0
2013-10-25 16:00:00-04:00,27.5,28.24,25.7,26.25,2535039,0.0,0.0,0.0,0.0,0.0
2013-10-28 16:00:00-04:00,26.17,26.17,25.5,25.6,694434,0.0,0.0,0.0,0.0,0.0
2013-10-29 16:00:00-04:00,25.6,26.28,25.52,26.04,790341,0.0,0.0,0.0,0.0,0.0
2013-10-30 16:00:00-04:00,26.14,27.49,26.04,27.4,546889,0.0,0.0,0.0,0.0,0.0
2013-10-31 16:00:00-04:00,27.51,27.51,26.96,27.06,364072,0.0,0.0,0.0,0.0,0.0
2013-11-01 16:00:00-04:00,26.84,26.99,26.4,26.72,295970,0.0,0.0,0.0,0.0,0.0
2013-11-04 16:00:00-05:00,26.69,27.05,26.66,26.84,312744,0.0,0.0,0.0,0.0,0.0
2013-11-05 16:00:00-05:00,26.7,27.99,26.66,27.81,375129,0.0,0.0,0.0,0.0,0.0
2013-11-06 16:00:00-05:00,27.95,28.0,27.17,27.21,240978,0.0,0.0,0.0,0.0,0.0
2013-11-07 16:00:00-05:00,27.18,27.88,27.07,27.21,305591,0.0,0.0,0.0,0.0,0.0
2013-11-08 16:00:00-05:00,27.06,28.0,27.06,27.7,446700,0.0,0.0,0.0,0.0,0.0
2013-11-11 16:00:00-05:00,27.71,27.79,27.26,27.27,338857,0.0,0.0,0.0,0.0,0.0
2013-11-12 16:00:00-05:00,27.18,27.22,26.65,26.84,277199,0.0,0.0,0.0,0.0,0.0
2013-11-13 16:00:00-05:00,26.54,27.16,26.54,27.04,196946,0.0,0.0,0.0,0.0,0.0
2013-11-14 16:00:00-05:00,27.04,27.33,26.78,27.13,184177,0.0,0.0,0.0,0.0,0.0
2013-11-15 16:00:00-05:00,27.09,27.66,26.9901,27.4,171995,0.0,0.0,0.0,0.0,0.0
2013-11-18 16:00:00-05:00,27.5,28.19,27.29,27.81,306881,0.0,0.0,0.0,0.0,0.0
2013-11-19 16:00:00-05:00,27.87,27.9,27.39,27.6,334754,0.0,0.0,0.0,0.0,0.0
2013-11-20 16:00:00-05:00,27.62,28.34,27.43,28.16,186393,0.0,0.0,0.0,0.0,0.0
2013-11-21 16:00:00-05:00,28.15,29.39,27.93,29.09,565462,0.0,0.0,0.0,0.0,0.0
2013-11-22 16:00:00-05:00,29.1,29.92,29.03,29.74,468427,0.0,0.0,0.0,0.0,0.0
2013-11-25 16:00:00-05:00,29.75,29.95,29.5,29.6,201956,0.0,0.0,0.0,0.0,0.0
2013-11-26 16:00:00-05:00,29.55,29.67,29.14,29.5,328159,0.0,0.0,0.0,0.0,0.0
2013-11-27 16:00:00-05:00,29.5,30.21,29.48,29.89,282765,0.0,0.0,0.0,0.0,0.0
2013-11-29 16:00:00-05:00,30.03,30.03,29.6,29.64,146675,0.0,0.0,0.0,0.0,0.0
2013-12-02 16:00:00-05:00,29.56,29.79,28.62,28.89,532241,0.0,0.0,0.0,0.0,0.0
2013-12-03 16:00:00-05:00,28.7,29.4,28.44,29.19,403445,0.0,0.0,0.0,0.0,0.0
2013-12-04 16:00:00-05:00,29.01,29.645,28.54,29.39,259095,0.0,0.0,0.0,0.0,0.0
2013-12-05 16:00:00-05:00,29.48,29.73,29.38,29.54,267975,0.0,0.0,0.0,0.0,0.0
2013-12-06 16:00:00-05:00,29.69,30.38,29.5,30.12,512867,0.0,0.0,0.0,0.0,0.0
2013-12-09 16:00:00-05:00,29.98,30.28,29.85,30.24,473550,0.0,0.0,0.0,0.0,0.0
2013-12-10 16:00:00-05:00,30.14,30.28,29.2,29.3,353387,0.0,0.0,0.0,0.0,0.0
2013-12-11 16:00:00-05:00,29.24,29.5,28.9,29.2,499795,0.0,0.0,0.0,0.0,0.0
2013-12-12 16:00:00-05:00,29.3,29.39,29.0,29.25,383134,0.0,0.0,0.0,0.0,0.0
2013-12-13 16:00:00-05:00,29.2,29.6925,29.2,29.32,213507,0.0,0.0,0.0,0.0,0.0
2013-12-16 16:00:00-05:00,29.39,29.94,29.13,29.59,222802,0.0,0.0,0.0,0.0,0.0
2013-12-17 16:00:00-05:00,29.56,29.81,29.25,29.66,422401,0.0,0.0,0.0,0.0,0.0
2013-12-18 16:00:00-05:00,29.7,30.16,29.43,30.03,352276,0.0,0.0,0.0,0.0,0.0
2013-12-19 16:00:00-05:00,29.92,30.179,29.31,29.48,369647,0.0,0.0,0.0,0.0,0.0
2013-12-20 16:00:00-05:00,29.6,30.39,29.35,30.23,560016,0.0,0.0,0.0,0.0,0.0
2013-12-23 16:00:00-05:00,30.43,31.75,30.43,31.59,337000,0.0,0.0,0.0,0.0,0.0
2013-12-24 16:00:00-05:00,31.71,31.71,31.28,31.5,125798,0.0,0.0,0.0,0.0,0.0
2013-12-26 16:00:00-05:00,31.59,32.0,31.3,31.51,482129,0.0,0.0,0.0,0.0,0.0
2013-12-27 16:00:00-05:00,31.65,31.65,30.8499,31.01,255510,0.0,0.0,0.0,0.0,0.0
2013-12-30 16:00:00-05:00,30.92,31.48,30.72,31.03,514261,0.0,0.0,0.0,0.0,0.0
2013-12-31 16:00:00-05:00,31.14,31.33,30.74,31.06,367186,0.0,0.0,0.0,0.0,0.0
2014-01-02 16:00:00-05:00,30.84,31.14,30.6,31.0,263860,0.0,0.0,0.0,0.0,0.0
2014-01-03 16:00:00-05:00,30.97,31.34,30.55,31.33,386473,0.0,0.0,0.0,0.0,0.0
2014-01-06 16:00:00-05:00,31.22,31.35,30.705,31.25,280533,0.0,0.0,0.0,0.0,0.0
2014-01-07 16:00:00-05:00,31.29,31.64,31.21,31.36,246927,0.0,0.0,0.0,0.0,0.0
2014-01-08 16:00:00-05:00,31.47,31.69,31.06,31.24,922669,0.0,0.0,0.0,0.0,0.0
2014-01-09 16:00:00-05:00,31.15,31.24,30.78,31.03,281322,0.0,0.0,0.0,0.0,0.0
2014-01-10 16:00:00-05:00,30.9,31.02,30.43,30.59,198535,0.0,0.0,0.0,0.0,0.0
2014-01-13 16:00:00-05:00,30.44,30.64,29.59,29.79,777124,0.0,0.0,0.0,0.0,0.0
2014-01-14 16:00:00-05:00,29.87,30.27,29.29,29.38,871578,0.0,0.0,0.0,0.0,0.0
2014-01-15 16:00:00-05:00,29.52,30.43,29.165,29.88,488935,0.0,0.0,0.0,0.0,0.0
2014-01-16 16:00:00-05:00,29.91,30.61,29.53,30.52,421277,0.0,0.0,0.0,0.0,0.0
2014-01-17 16:00:00-05:00,28.5,29.2,27.82,29.0,2439995,0.0,0.0,0.0,0.0,0.0
2014-01-21 16:00:00-05:00,29.06,29.53,28.5,29.5,824373,0.0,0.0,0.0,0.0,0.0
2014-01-22 16:00:00-05:00,29.62,29.868,29.36,29.64,515974,0.0,0.0,0.0,0.0,0.0
2014-01-23 16:00:00-05:00,29.59,29.864,28.79,28.99,599496,0.0,0.0,0.0,0.0,0.0
2014-01-24 16:00:00-05:00,28.73,29.29,28.73,29.24,276659,0.0,0.0,0.0,0.0,0.0
2014-01-27 16:00:00-05:00,29.13,30.32,28.81,29.28,966454,0.0,0.0,0.0,0.0,0.0
2014-01-28 16:00:00-05:00,29.28,29.54,28.58,28.92,397662,0.0,0.0,0.0,0.0,0.0
2014-01-29 16:00:00-05:00,27.58,28.38,27.43,27.67,817051,0.0,0.0,0.0,0.0,0.0
2014-01-30 16:00:00-05:00,27.87,28.2,27.696,27.93,367800,0.0,0.0,0.0,0.0,0.0
2014-01-31 16:00:00-05:00,27.61,28.83,27.43,28.36,416840,0.0,0.0,0.0,0.0,0.0
2014-02-03 16:00:00-05:00,28.36,28.36,27.21,27.43,361624,0.0,0.0,0.0,0.0,0.0
2014-02-04 16:00:00-05:00,27.64,27.95,27.2,27.5,272656,0.0,0.0,0.0,0.0,0.0
2014-02-05 16:00:00-05:00,27.47,27.71,26.98,27.7,651615,0.0,0.0,0.0,0.0,0.0
2014-02-06 16:00:00-05:00,27.72,28.04,27.48,28.01,404177,0.0,0.0,0.0,0.0,0.0
2014-02-07 16:00:00-05:00,27.22,28.08,27.22,27.92,535944,0.0,0.0,0.0,0.0,0.0
2014-02-10 16:00:00-05:00,27.95,28.67,27.695,28.66,1904226,0.0,0.0,0.0,0.0,0.0
2014-02-11 16:00:00-05:00,28.78,29.5,28.63,29.02,314726,0.0,0.0,0.0,0.0,0.0
2014-02-12 16:00:00-05:00,29.02,29.375,28.02,28.57,599954,0.0,0.0,0.0,0.0,0.0
2014-02-13 16:00:00-05:00,28.28,28.94,28.0301,28.87,675470,0.0,0.0,0.0,0.0,0.0
2014-02-14 16:00:00-05:00,28.88,29.3,28.69,29.02,330776,0.0,0.0,0.0,0.0,0.0
2014-02-18 16:00:00-05:00,28.94,29.43,28.8,28.89,390856,0.0,0.0,0.0,0.0,0.0
2014-02-19 16:00:00-05:00,28.81,30.14,28.54,28.99,1132149,0.0,0.0,0.0,0.0,0.0
2014-02-20 16:00:00-05:00,28.05,28.23,25.21,25.63,2796791,0.0,0.0,0.0,0.0,0.0
2014-02-21 16:00:00-05:00,25.56,26.18,25.11,25.99,912916,0.0,0.0,0.0,0.0,0.0
2014-02-24 16:00:00-05:00,25.99,26.74,25.99,26.39,634746,0.0,0.0,0.0,0.0,0.0
2014-02-25 16:00:00-05:00,26.48,27.2199,26.41,26.71,565878,0.0,0.0,0.0,0.0,0.0
2014-02-26 16:00:00-05:00,26.8,27.04,26.42,26.59,359808,0.0,0.0,0.0,0.0,0.0
2014-02-27 16:00:00-05:00,26.48,27.005,26.44,26.94,616333,0.0,0.0,0.0,0.0,0.0
2014-02-28 16:00:00-05:00,27.03,28.12,26.86,27.7,859362,0.0,0.0,0.0,0.0,0.0
2014-03-03 16:00:00-05:00,27.41,27.67,27.1,27.34,417700,0.0,0.0,0.0,0.0,0.0
2014-03-04 16:00:00-05:00,27.6,28.15,27.6,27.9,629366,0.0,0.0,0.0,0.0,0.0
2014-03-05 16:00:00-05:00,27.12,27.87,27.12,27.66,438401,0.0,0.0,0.0,0.0,0.0
2014-03-06 16:00:00-05:00,30.0,34.17,29.7001,33.62,3693053,0.0,0.0,0.0,0.0,0.0
2014-03-07 16:00:00-05:00,33.44,33.59,32.67,33.02,1004922,0.0,0.0,0.0,0.0,0.0
2014-03-10 16:00:00-04:00,32.83,33.3,32.7501,33.03,436327,0.0,0.0,0.0,0.0,0.0
2014-03-11 16:00:00-04:00,33.16,33.9,32.75,33.35,341204,0.0,0.0,0.0,0.0,0.0
2014-03-12 16:00:00-04:00,33.17,33.68,32.99,33.25,323257,0.0,0.0,0.0,0.0,0.0
2014-03-13 16:00:00-04:00,33.2,33.58,32.95,33.15,330604,0.0,0.0,0.0,0.0,0.0
2014-03-14 16:00:00-04:00,33.07,33.62,33.03,33.15,340698,0.0,0.0,0.0,0.0,0.0
2014-03-17 16:00:00-04:00,33.3,35.2,33.3,34.39,984514,0.0,0.0,0.0,0.0,0.0
2014-03-18 16:00:00-04:00,34.31,35.22,34.07,35.18,601981,0.0,0.0,0.0,0.0,0.0
2014-03-19 16:00:00-04:00,35.18,35.35,33.96,34.13,319548,0.0,0.0,0.0,0.0,0.0
2014-03-20 16:00:00-04:00,34.35,34.99,34.25,34.4,446899,0.0,0.0,0.0,0.0,0.0
2014-03-21 16:00:00-04:00,34.37,34.72,34.17,34.41,355948,0.0,0.0,0.0,0.0,0.0
2014-03-24 16:00:00-04:00,34.5,34.63,33.3,33.71,279780,0.0,0.0,0.0,0.0,0.0
2014-03-25 16:00:00-04:00,33.67,33.98,33.27,33.61,202835,0.0,0.0,0.0,0.0,0.0
2014-03-26 16:00:00-04:00,33.74,33.7458,32.78,32.8,234390,0.0,0.0,0.0,0.0,0.0
2014-03-27 16:00:00-04:00,32.92,32.92,31.63,31.99,413029,0.0,0.0,0.0,0.0,0.0
2014-03-28 16:00:00-04:00,31.95,32.93,31.85,32.49,274871,0.0,0.0,0.0,0.0,0.0
2014-03-31 16:00:00-04:00,32.73,33.05,32.41,32.71,269397,0.0,0.0,0.0,0.0,0.0
2014-04-01 16:00:00-04:00,32.78,33.44,32.44,33.01,469270,0.0,0.0,0.0,0.0,0.0
2014-04-02 16:00:00-04:00,33.09,33.43,32.51,32.93,564053,0.0,0.0,0.0,0.0,0.0
2014-04-03 16:00:00-04:00,32.96,33.01,31.51,31.72,356321,0.0,0.0,0.0,0.0,0.0
2014-04-04 16:00:00-04:00,32.16,33.12,31.991,32.99,575491,0.0,0.0,0.0,0.0,0.0
2014-04-07 16:00:00-04:00,32.89,32.89,31.6,31.67,314828,0.0,0.0,0.0,0.0,0.0
2014-04-08 16:00:00-04:00,31.63,32.08,31.33,31.74,232374,0.0,0.0,0.0,0.0,0.0
2014-04-09 16:00:00-04:00,32.2,33.15,32.2,32.99,397474,0.0,0.0,0.0,0.0,0.0
2014-04-10 16:00:00-04:00,33.05,33.16,31.15,31.43,529747,0.0,0.0,0.0,0.0,0.0
2014-04-11 16:00:00-04:00,31.12,31.48,30.11,30.29,691854,0.0,0.0,0.0,0.0,0.0
2014-04-14 16:00:00-04:00,30.47,32.2058,30.47,31.04,463152,0.0,0.0,0.0,0.0,0.0
2014-04-15 16:00:00-04:00,31.25,31.46,30.12,30.39,326644,0.0,0.0,0.0,0.0,0.0
2014-04-16 16:00:00-04:00,30.65,30.65,29.63,30.02,390849,0.0,0.0,0.0,0.0,0.0
2014-04-17 16:00:00-04:00,30.06,30.48,29.73,29.76,235970,0.0,0.0,0.0,0.0,0.0
2014-04-21 16:00:00-04:00,29.68,30.14,29.54,29.7,185808,0.0,0.0,0.0,0.0,0.0
2014-04-22 16:00:00-04:00,30.07,31.09,30.05,30.47,1341750,0.0,0.0,0.0,0.0,0.0
2014-04-23 16:00:00-04:00,30.5,31.99,30.25,30.37,357036,0.0,0.0,0.0,0.0,0.0
2014-04-24 16:00:00-04:00,30.46,30.46,29.84,29.89,188215,0.0,0.0,0.0,0.0,0.0
2014-04-25 16:00:00-04:00,29.86,29.86,28.76,29.06,243917,0.0,0.0,0.0,0.0,0.0
2014-04-28 16:00:00-04:00,29.25,29.68,28.61,28.73,247674,0.0,0.0,0.0,0.0,0.0
2014-04-29 16:00:00-04:00,28.98,29.27,28.63,28.67,158804,0.0,0.0,0.0,0.0,0.0
2014-04-30 16:00:00-04:00,28.64,28.78,28.09,28.55,370340,0.0,0.0,0.0,0.0,0.0
2014-05-01 16:00:00-04:00,28.7,29.605,28.065,29.51,642399,0.0,0.0,0.0,0.0,0.0
2014-05-02 16:00:00-04:00,31.43,32.0,29.645,30.09,884897,0.0,0.0,0.0,0.0,0.0
2014-05-05 16:00:00-04:00,29.81,30.34,29.44,29.88,331919,0.0,0.0,0.0,0.0,0.0
2014-05-06 16:00:00-04:00,29.83,30.092,29.37,29.53,294638,0.0,0.0,0.0,0.0,0.0
2014-05-07 16:00:00-04:00,29.59,30.14,29.39,29.91,334409,0.0,0.0,0.0,0.0,0.0
2014-05-08 16:00:00-04:00,29.72,30.43,29.395,29.47,215232,0.0,0.0,0.0,0.0,0.0
2014-05-09 16:00:00-04:00,29.32,30.105,29.1348,29.88,197479,0.0,0.0,0.0,0.0,0.0
2014-05-12 16:00:00-04:00,30.0,30.58,29.99,30.49,548491,0.0,0.0,0.0,0.0,0.0
2014-05-13 16:00:00-04:00,30.49,30.64,29.765,29.88,377783,0.0,0.0,0.0,0.0,0.0
2014-05-14 16:00:00-04:00,29.78,29.984,29.19,29.29,331986,0.0,0.0,0.0,0.0,0.0
2014-05-15 16:00:00-04:00,29.08,29.08,28.34,28.99,443200,0.0,0.0,0.0,0.0,0.0
2014-05-16 16:00:00-04:00,28.99,29.15,28.25,28.99,1202079,0.0,0.0,0.0,0.0,0.0
2014-05-19 16:00:00-04:00,28.87,29.38,28.87,29.21,326265,0.0,0.0,0.0,0.0,0.0
2014-05-20 16:00:00-04:00,29.22,29.325,28.42,29.17,389434,0.0,0.0,0.0,0.0,0.0
2014-05-21 16:00:00-04:00,29.23,29.9,29.0,29.75,230147,0.0,0.0,0.0,0.0,0.0
2014-05-22 16:00:00-04:00,29.83,31.17,29.791,31.01,488016,0.0,0.0,0.0,0.0,0.0
2014-05-23 16:00:00-04:00,31.13,31.54,30.58,31.27,252655,0.0,0.0,0.0,0.0,0.0
2014-05-27 16:00:00-04:00,31.51,32.13,31.09,31.31,347565,0.0,0.0,0.0,0.0,0.0
2014-05-28 16:00:00-04:00,31.34,31.499,30.97,31.0,260439,0.0,0.0,0.0,0.0,0.0
2014-05-29 16:00:00-04:00,31.24,31.81,31.18,31.32,237046,0.0,0.0,0.0,0.0,0.0
2014-05-30 16:00:00-04:00,31.4,31.866,31.12,31.59,282079,0.0,0.0,0.0,0.0,0.0
2014-06-02 16:00:00-04:00,31.6,31.75,30.91,31.6,199504,0.0,0.0,0.0,0.0,0.0
2014-06-03 16:00:00-04:00,31.36,31.94,30.945,31.82,296337,0.0,0.0,0.0,0.0,0.0
2014-06-04 16:00:00-04:00,31.7,32.435,31.45,32.3,226419,0.0,0.0,0.0,0.0,0.0
2014-06-05 16:00:00-04:00,32.46,34.08,32.1775,34.05,425933,0.0,0.0,0.0,0.0,0.0
2014-06-06 16:00:00-04:00,34.27,34.7,32.23,34.28,329618,0.0,0.0,0.0,0.0,0.0
2014-06-09 16:00:00-04:00,34.22,35.35,34.15,35.16,373994,0.0,0.0,0.0,0.0,0.0
2014-06-10 16:00:00-04:00,35.04,35.35,34.56,35.0,356124,0.0,0.0,0.0,0.0,0.0
2014-06-11 16:00:00-04:00,35.28,36.06,35.0,35.58,555018,0.0,0.0,0.0,0.0,0.0
2014-06-12 16:00:00-04:00,35.52,35.63,34.8,34.97,298069,0.0,0.0,0.0,0.0,0.0
2014-06-13 16:00:00-04:00,35.0,35.2799,34.79,35.01,236485,0.0,0.0,0.0,0.0,0.0
2014-06-16 16:00:00-04:00,34.9,35.1,34.62,34.91,277712,0.0,0.0,0.0,0.0,0.0
2014-06-17 16:00:00-04:00,34.94,35.28,34.64,34.99,378533,0.0,0.0,0.0,0.0,0.0
2014-06-18 16:00:00-04:00,34.99,35.84,34.73,35.79,157079,0.0,0.0,0.0,0.0,0.0
2014-06-19 16:00:00-04:00,35.95,36.02,35.427,35.55,176832,0.0,0.0,0.0,0.0,0.0
2014-06-20 16:00:00-04:00,35.51,36.0,35.45,35.5,267355,0.0,0.0,0.0,0.0,0.0
2014-06-23 16:00:00-04:00,35.59,35.86,35.09,35.83,162000,0.0,0.0,0.0,0.0,0.0
2014-06-24 16:00:00-04:00,35.73,36.6,35.72,35.87,201454,0.0,0.0,0.0,0.0,0.0
2014-06-25 16:00:00-04:00,35.72,36.194,34.64,35.17,559756,0.0,0.0,0.0,0.0,0.0
2014-06-26 16:00:00-04:00,35.14,35.37,34.78,34.89,425047,0.0,0.0,0.0,0.0,0.0
2014-06-27 16:00:00-04:00,34.72,35.89,34.72,35.24,1001094,0.0,0.0,0.0,0.0,0.0
2014-06-30 16:00:00-04:00,35.24,35.9275,34.84,34.91,408042,0.0,0.0,0.0,0.0,0.0
2014-07-01 16:00:00-04:00,35.05,35.49,34.72,35.35,751298,0.0,0.0,0.0,0.0,0.0
2014-07-02 16:00:00-04:00,35.36,35.56,34.54,34.61,168305,0.0,0.0,0.0,0.0,0.0
2014-07-03 16:00:00-04:00,34.75,35.22,34.61,34.9,138648,0.0,0.0,0.0,0.0,0.0
2014-07-07 16:00:00-04:00,34.74,35.35,34.56,34.76,175745,0.0,0.0,0.0,0.0,0.0
2014-07-08 16:00:00-04:00,34.68,34.91,33.71,34.1,375147,0.0,0.0,0.0,0.0,0.0
2014-07-09 16:00:00-04:00,34.12,35.03,34.05,34.79,209327,0.0,0.0,0.0,0.0,0.0
2014-07-10 16:00:00-04:00,34.2,34.645,33.69,34.23,205855,0.0,0.0,0.0,0.0,0.0
2014-07-11 16:00:00-04:00,34.21,34.54,33.7,33.78,273423,0.0,0.0,0.0,0.0,0.0
2014-07-14 16:00:00-04:00,34.1,34.64,33.97,34.13,225857,0.0,0.0,0.0,0.0,0.0
2014-07-15 16:00:00-04:00,34.23,34.476,33.15,33.49,170072,0.0,0.0,0.0,0.0,0.0
2014-07-16 16:00:00-04:00,33.75,34.314,32.61,32.66,645339,0.0,0.0,0.0,0.0,0.0
2014-07-17 16:00:00-04:00,32.26,32.634,31.8186,32.2,690175,0.0,0.0,0.0,0.0,0.0
2014-07-18 16:00:00-04:00,32.15,33.14,32.15,32.65,225096,0.0,0.0,0.0,0.0,0.0
2014-07-21 16:00:00-04:00,32.48,32.63,31.44,31.46,252356,0.0,0.0,0.0,0.0,0.0
2014-07-22 16:00:00-04:00,31.61,31.912,31.27,31.62,295262,0.0,0.0,0.0,0.0,0.0
2014-07-23 16:00:00-04:00,31.54,31.94,30.84,30.88,275457,0.0,0.0,0.0,0.0,0.0
2014-07-24 16:00:00-04:00,30.93,31.21,30.14,30.64,671016,0.0,0.0,0.0,0.0,0.0
2014-07-25 16:00:00-04:00,32.31,36.16,31.52,34.98,941251,0.0,0.0,0.0,0.0,0.0
2014-07-28 16:00:00-04:00,35.18,35.613,34.5,34.5,379254,0.0,0.0,0.0,0.0,0.0
2014-07-29 16:00:00-04:00,34.67,35.38,34.355,34.95,343275,0.0,0.0,0.0,0.0,0.0
2014-07-30 16:00:00-04:00,34.8,35.16,33.97,34.24,288382,0.0,0.0,0.0,0.0,0.0
2014-07-31 16:00:00-04:00,33.78,34.5999,33.78,34.27,273036,0.0,0.0,0.0,0.0,0.0
2014-08-01 16:00:00-04:00,34.55,35.35,34.53,35.01,393491,0.0,0.0,0.0,0.0,0.0
2014-08-04 16:00:00-04:00,35.07,35.48,34.64,34.89,273667,0.0,0.0,0.0,0.0,0.0
2014-08-05 16:00:00-04:00,34.61,35.34,34.51,34.71,198306,0.0,0.0,0.0,0.0,0.0
2014-08-06 16:00:00-04:00,34.33,35.3,34.2605,34.96,277327,0.0,0.0,0.0,0.0,0.0
2014-08-07 16:00:00-04:00,35.16,35.79,34.96,35.03,313819,0.0,0.0,0.0,0.0,0.0
2014-08-08 16:00:00-04:00,35.08,35.385,34.81,35.07,238244,0.0,0.0,0.0,0.0,0.0
2014-08-11 16:00:00-04:00,35.28,35.9437,34.9,35.85,199894,0.0,0.0,0.0,0.0,0.0
2014-08-12 16:00:00-04:00,35.75,36.14,35.4175,35.79,144463,0.0,0.0,0.0,0.0,0.0
2014-08-13 16:00:00-04:00,35.86,36.3801,35.5,35.71,189666,0.0,0.0,0.0,0.0,0.0
2014-08-14 16:00:00-04:00,35.6,35.78,34.97,35.11,230842,0.0,0.0,0.0,0.0,0.0
2014-08-15 16:00:00-04:00,35.29,35.74,34.68,35.55,232434,0.0,0.0,0.0,0.0,0.0
2014-08-18 16:00:00-04:00,35.74,36.39,35.564,36.16,218428,0.0,0.0,0.0,0.0,0.0
2014-08-19 16:00:00-04:00,36.15,36.7,36.13,36.36,218733,0.0,0.0,0.0,0.0,0.0
2014-08-20 16:00:00-04:00,36.27,36.75,35.6,36.13,179617,0.0,0.0,0.0,0.0,0.0
2014-08-21 16:00:00-04:00,36.03,37.1,36.03,36.9,210710,0.0,0.0,0.0,0.0,0.0
2014-08-22 16:00:00-04:00,37.04,37.04,35.72,35.74,278336,0.0,0.0,0.0,0.0,0.0
2014-08-25 16:00:00-04:00,36.07,36.5,35.38,35.75,216688,0.0,0.0,0.0,0.0,0.0
2014-08-26 16:00:00-04:00,35.81,36.2675,35.618,36.14,292676,0.0,0.0,0.0,0.0,0.0
2014-08-27 16:00:00-04:00,36.43,38.1,36.43,37.65,395105,0.0,0.0,0.0,0.0,0.0
2014-08-28 16:00:00-04:00,37.43,37.4699,36.7777,37.19,242367,0.0,0.0,0.0,0.0,0.0
2014-08-29 16:00:00-04:00,37.23,37.7745,36.91,37.27,178435,0.0,0.0,0.0,0.0,0.0
2014-09-02 16:00:00-04:00,37.34,37.59,36.9,37.24,231753,0.0,0.0,0.0,0.0,0.0
2014-09-03 16:00:00-04:00,37.38,37.63,36.34,36.55,224051,0.0,0.0,0.0,0.0,0.0
2014-09-04 16:00:00-04:00,36.49,37.13,36.49,36.66,167780,0.0,0.0,0.0,0.0,0.0
2014-09-05 16:00:00-04:00,36.57,37.26,36.41,37.03,141382,0.0,0.0,0.0,0.0,0.0
2014-09-08 16:00:00-04:00,36.93,37.03,36.19,36.78,346738,0.0,0.0,0.0,0.0,0.0
2014-09-09 16:00:00-04:00,36.66,36.85,36.04,36.78,257448,0.0,0.0,0.0,0.0,0.0
2014-09-10 16:00:00-04:00,36.83,37.16,36.43,36.94,140412,0.0,0.0,0.0,0.0,0.0
2014-09-11 16:00:00-04:00,36.78,37.4,36.6,37.32,181629,0.0,0.0,0.0,0.0,0.0
2014-09-12 16:00:00-04:00,37.2,37.56,36.47,36.83,206481,0.0,0.0,0.0,0.0,0.0
2014-09-15 16:00:00-04:00,36.78,36.81,35.98,36.32,221127,0.0,0.0,0.0,0.0,0.0
2014-09-16 16:00:00-04:00,36.19,37.15,35.91,36.72,196690,0.0,0.0,0.0,0.0,0.0
2014-09-17 16:00:00-04:00,36.64,37.55,36.58,37.28,156449,0.0,0.0,0.0,0.0,0.0
2014-09-18 16:00:00-04:00,37.5,38.15,37.27,37.77,173980,0.0,0.0,0.0,0.0,0.0
2014-09-19 16:00:00-04:00,37.82,38.2,36.96,37.18,611642,0.0,0.0,0.0,0.0,0.0
2014-09-22 16:00:00-04:00,36.95,37.29,36.06,36.48,250465,0.0,0.0,0.0,0.0,0.0
2014-09-23 16:00:00-04:00,36.36,36.87,35.9,35.94,203005,0.0,0.0,0.0,0.0,0.0
2014-09-24 16:00:00-04:00,35.94,36.36,35.55,36.01,285961,0.0,0.0,0.0,0.0,0.0
2014-09-25 16:00:00-04:00,35.86,36.42,35.45,35.65,194102,0.0,0.0,0.0,0.0,0.0
2014-09-26 16:00:00-04:00,35.71,36.48,35.71,36.34,168841,0.0,0.0,0.0,0.0,0.0
2014-09-29 16:00:00-04:00,35.98,36.83,35.5201,36.74,260818,0.0,0.0,0.0,0.0,0.0
2014-09-30 16:00:00-04:00,36.74,37.04,35.92,35.99,324864,0.0,0.0,0.0,0.0,0.0
2014-10-01 16:00:00-04:00,36.08,36.15,34.82,34.9,321049,0.0,0.0,0.0,0.0,0.0
2014-10-02 16:00:00-04:00,35.04,35.93,34.87,35.48,226455,0.0,0.0,0.0,0.0,0.0
2014-10-03 16:00:00-04:00,35.87,36.07,35.51,35.53,277079,0.0,0.0,0.0,0.0,0.0
2014-10-06 16:00:00-04:00,35.53,35.99,34.83,34.85,343687,0.0,0.0,0.0,0.0,0.0
2014-10-07 16:00:00-04:00,34.57,34.7433,33.75,33.76,403003,0.0,0.0,0.0,0.0,0.0
2014-10-08 16:00:00-04:00,33.77,34.66,33.54,34.35,365470,0.0,0.0,0.0,0.0,0.0
2014-10-09 16:00:00-04:00,34.33,34.84,33.03,33.06,1235510,0.0,0.0,0.0,0.0,0.0
2014-10-10 16:00:00-04:00,32.94,34.77,32.9,33.94,419509,0.0,0.0,0.0,0.0,0.0
2014-10-13 16:00:00-04:00,33.9,34.47,33.43,33.49,379675,0.0,0.0,0.0,0.0,0.0
2014-10-14 16:00:00-04:00,33.83,35.45,33.83,35.0,484491,0.0,0.0,0.0,0.0,0.0
2014-10-15 16:00:00-04:00,34.47,36.17,34.47,35.65,477262,0.0,0.0,0.0,0.0,0.0
2014-10-16 16:00:00-04:00,35.16,36.19,35.08,36.14,387247,0.0,0.0,0.0,0.0,0.0
2014-10-17 16:00:00-04:00,36.58,36.76,35.11,35.3,439585,0.0,0.0,0.0,0.0,0.0
2014-10-20 16:00:00-04:00,35.26,35.8,34.69,35.53,236926,0.0,0.0,0.0,0.0,0.0
2014-10-21 16:00:00-04:00,35.5,36.0,34.93,35.31,387014,0.0,0.0,0.0,0.0,0.0
2014-10-22 16:00:00-04:00,35.49,35.75,34.91,35.23,355851,0.0,0.0,0.0,0.0,0.0
2014-10-23 16:00:00-04:00,35.36,35.375,33.09,33.2,867249,0.0,0.0,0.0,0.0,0.0
2014-10-24 16:00:00-04:00,38.0,42.38,37.39,42.15,2378098,0.0,0.0,0.0,0.0,0.0
2014-10-27 16:00:00-04:00,41.63,42.45,41.43,42.42,928031,0.0,0.0,0.0,0.0,0.0
2014-10-28 16:00:00-04:00,42.78,44.25,42.75,44.02,666739,0.0,0.0,0.0,0.0,0.0
2014-10-29 16:00:00-04:00,43.9,44.14,42.86,43.73,407106,0.0,0.0,0.0,0.0,0.0
2014-10-30 16:00:00-04:00,43.44,44.27,43.29,43.94,361541,0.0,0.0,0.0,0.0,0.0
2014-10-31 16:00:00-04:00,43.44,44.29,43.44,44.02,418682,0.0,0.0,0.0,0.0,0.0
2014-11-03 16:00:00-05:00,44.2,44.38,43.41,43.9,331771,0.0,0.0,0.0,0.0,0.0
2014-11-04 16:00:00-05:00,43.94,44.56,43.74,44.14,397304,0.0,0.0,0.0,0.0,0.0
2014-11-05 16:00:00-05:00,44.02,45.14,43.82,44.9,323422,0.0,0.0,0.0,0.0,0.0
2014-11-06 16:00:00-05:00,45.1,46.6,44.64,46.33,482551,0.0,0.0,0.0,0.0,0.0
2014-11-07 16:00:00-05:00,46.18,47.69,45.92,47.08,563247,0.0,0.0,0.0,0.0,0.0
2014-11-10 16:00:00-05:00,47.08,48.06,46.369,47.53,449762,0.0,0.0,0.0,0.0,0.0
2014-11-11 16:00:00-05:00,47.54,47.97,46.27,46.81,290060,0.0,0.0,0.0,0.0,0.0
2014-11-12 16:00:00-05:00,46.61,47.635,45.76,47.35,367344,0.0,0.0,0.0,0.0,0.0
2014-11-13 16:00:00-05:00,47.14,47.56,46.0875,46.56,344235,0.0,0.0,0.0,0.0,0.0
2014-11-14 16:00:00-05:00,46.49,47.05,45.92,46.03,491118,0.0,0.0,0.0,0.0,0.0
2014-11-17 16:00:00-05:00,46.09,46.57,45.71,46.11,174283,0.0,0.0,0.0,0.0,0.0
2014-11-18 16:00:00-05:00,46.12,46.7599,46.02,46.5,167629,0.0,0.0,0.0,0.0,0.0
2014-11-19 16:00:00-05:00,46.6,46.63,45.57,45.9,170554,0.0,0.0,0.0,0.0,0.0
2014-11-20 16:00:00-05:00,45.6,46.7,45.6,46.61,226932,0.0,0.0,0.0,0.0,0.0
2014-11-21 16:00:00-05:00,47.09,47.8899,46.7,46.94,278754,0.0,0.0,0.0,0.0,0.0
2014-11-24 16:00:00-05:00,46.91,48.0,46.5,47.99,307593,0.0,0.0,0.0,0.0,0.0
2014-11-25 16:00:00-05:00,48.15,49.17,47.55,48.895,451367,0.0,0.0,0.0,0.0,0.0
2014-11-26 16:00:00-05:00,49.0,49.64,48.58,49.26,485873,0.0,0.0,0.0,0.0,0.0
2014-11-28 16:00:00-05:00,49.34,49.99,48.6554,49.16,201796,0.0,0.0,0.0,0.0,0.0
2014-12-01 16:00:00-05:00,49.2,49.81,47.39,48.59,489100,0.0,0.0,0.0,0.0,0.0
2014-12-02 16:00:00-05:00,48.75,49.43,48.24,48.84,420294,0.0,0.0,0.0,0.0,0.0
2014-12-03 16:00:00-05:00,48.7,49.01,48.01,48.64,254488,0.0,0.0,0.0,0.0,0.0
2014-12-04 16:00:00-05:00,48.74,48.94,47.77,48.24,208335,0.0,0.0,0.0,0.0,0.0
2014-12-05 16:00:00-05:00,48.21,49.42,48.14,48.71,188455,0.0,0.0,0.0,0.0,0.0
2014-12-08 16:00:00-05:00,48.41,49.23,48.12,48.635,193410,0.0,0.0,0.0,0.0,0.0
2014-12-09 16:00:00-05:00,47.86,48.5,46.69,48.19,476525,0.0,0.0,0.0,0.0,0.0
2014-12-10 16:00:00-05:00,49.09,49.09,47.315,47.71,357978,0.0,0.0,0.0,0.0,0.0
2014-12-11 16:00:00-05:00,48.07,48.88,47.97,48.29,255033,0.0,0.0,0.0,0.0,0.0
2014-12-12 16:00:00-05:00,47.96,49.02,47.96,48.23,292941,0.0,0.0,0.0,0.0,0.0
2014-12-15 16:00:00-05:00,48.26,49.08,46.78,47.07,241826,0.0,0.0,0.0,0.0,0.0
2014-12-16 16:00:00-05:00,47.13,47.62,46.7,46.84,230612,0.0,0.0,0.0,0.0,0.0
2014-12-17 16:00:00-05:00,47.09,47.51,46.28,47.31,379053,0.0,0.0,0.0,0.0,0.0
2014-12-18 16:00:00-05:00,47.82,48.63,47.12,48.385,228050,0.0,0.0,0.0,0.0,0.0
2014-12-19 16:00:00-05:00,48.27,48.5499,47.37,47.66,962446,0.0,0.0,0.0,0.0,0.0
2014-12-22 16:00:00-05:00,47.97,48.09,47.3,47.94,210090,0.0,0.0,0.0,0.0,0.0
2014-12-23 16:00:00-05:00,48.05,48.99,48.05,48.93,202425,0.0,0.0,0.0,0.0,0.0
2014-12-24 16:00:00-05:00,49.23,50.04,48.88,49.15,99581,0.0,0.0,0.0,0.0,0.0
2014-12-26 16:00:00-05:00,49.3,49.63,49.15,49.37,79041,0.0,0.0,0.0,0.0,0.0
2014-12-29 16:00:00-05:00,49.24,50.17,49.24,50.09,159003,0.0,0.0,0.0,0.0,0.0
2014-12-30 16:00:00-05:00,50.0,50.62,49.72,50.3,150591,0.0,0.0,0.0,0.0,0.0
2014-12-31 16:00:00-05:00,50.3,50.63,50.02,50.21,229491,0.0,0.0,0.0,0.0,0.0
2015-01-02 16:00:00-05:00,50.61,51.3,49.25,50.09,238208,0.0,0.0,0.0,0.0,0.0
2015-01-05 16:00:00-05:00,49.8,51.04,49.28,49.51,275659,0.0,0.0,0.0,0.0,0.0
2015-01-06 16:00:00-05:00,49.81,50.33,47.62,48.54,273513,0.0,0.0,0.0,0.0,0.0
2015-01-07 16:00:00-05:00,48.92,49.65,48.92,49.51,553500,0.0,0.0,0.0,0.0,0.0
2015-01-08 16:00:00-05:00,48.97,49.85,48.06,49.61,631529,0.0,0.0,0.0,0.0,0.0
2015-01-09 16:00:00-05:00,49.46,49.46,48.69,48.78,195891,0.0,0.0,0.0,0.0,0.0
2015-01-12 16:00:00-05:00,48.86,49.29,48.57,48.72,175666,0.0,0.0,0.0,0.0,0.0
2015-01-13 16:00:00-05:00,49.05,49.72,48.772,49.31,173950,0.0,0.0,0.0,0.0,0.0
2015-01-14 16:00:00-05:00,48.83,49.1521,47.36,48.37,282215,0.0,0.0,0.0,0.0,0.0
2015-01-15 16:00:00-05:00,48.45,48.45,46.61,47.04,414241,0.0,0.0,0.0,0.0,0.0
2015-01-16 16:00:00-05:00,44.85,45.23,42.42,44.24,1131968,0.0,0.0,0.0,0.0,0.0
2015-01-20 16:00:00-05:00,45.82,45.99,44.76,45.4,504830,0.0,0.0,0.0,0.0,0.0
2015-01-21 16:00:00-05:00,45.08,45.73,45.02,45.51,264612,0.0,0.0,0.0,0.0,0.0
2015-01-22 16:00:00-05:00,45.69,46.66,45.5,46.55,341368,0.0,0.0,0.0,0.0,0.0
2015-01-23 16:00:00-05:00,46.37,46.79,46.038,46.53,378581,0.0,0.0,0.0,0.0,0.0
2015-01-26 16:00:00-05:00,46.35,47.24,46.35,47.17,244981,0.0,0.0,0.0,0.0,0.0
2015-01-27 16:00:00-05:00,46.73,47.155,46.14,46.24,268143,0.0,0.0,0.0,0.0,0.0
2015-01-28 16:00:00-05:00,46.62,46.93,45.54,45.61,410293,0.0,0.0,0.0,0.0,0.0
2015-01-29 16:00:00-05:00,45.51,46.96,45.09,46.79,286416,0.0,0.0,0.0,0.0,0.0
2015-01-30 16:00:00-05:00,46.62,46.62,44.0901,44.29,545112,0.0,0.0,0.0,0.0,0.0
2015-02-02 16:00:00-05:00,44.32,44.458,42.92,44.13,267502,0.0,0.0,0.0,0.0,0.0
2015-02-03 16:00:00-05:00,44.17,44.6,43.52,44.41,237673,0.0,0.0,0.0,0.0,0.0
2015-02-04 16:00:00-05:00,44.18,45.88,44.102,45.28,226565,0.0,0.0,0.0,0.0,0.0
2015-02-05 16:00:00-05:00,45.46,45.762,44.4,44.77,230666,0.0,0.0,0.0,0.0,0.0
2015-02-06 16:00:00-05:00,44.96,45.08,43.42,44.02,324460,0.0,0.0,0.0,0.0,0.0
2015-02-09 16:00:00-05:00,43.68,44.55,43.57,43.81,235347,0.0,0.0,0.0,0.0,0.0
2015-02-10 16:00:00-05:00,44.25,45.34,43.86,44.92,243429,0.0,0.0,0.0,0.0,0.0
2015-02-11 16:00:00-05:00,44.97,46.01,44.97,45.52,224443,0.0,0.0,0.0,0.0,0.0
2015-02-12 16:00:00-05:00,45.44,45.69,44.04,45.34,286416,0.0,0.0,0.0,0.0,0.0
2015-02-13 16:00:00-05:00,45.22,46.14,45.22,45.62,364142,0.0,0.0,0.0,0.0,0.0
2015-02-17 16:00:00-05:00,45.78,45.975,45.14,45.6,395102,0.0,0.0,0.0,0.0,0.0
2015-02-18 16:00:00-05:00,45.63,47.6,45.63,46.88,931488,0.0,0.0,0.0,0.0,0.0
2015-02-19 16:00:00-05:00,53.32,55.44,51.51,53.6,2326478,0.0,0.0,0.0,0.0,0.0
2015-02-20 16:00:00-05:00,53.47,54.5294,52.59,53.07,577975,0.0,0.0,0.0,0.0,0.0
2015-02-23 16:00:00-05:00,53.12,54.17,53.08,53.43,485814,0.0,0.0,0.0,0.0,0.0
2015-02-24 16:00:00-05:00,53.56,54.02,52.72,53.06,379879,0.0,0.0,0.0,0.0,0.0
2015-02-25 16:00:00-05:00,52.87,52.96,52.18,52.47,384441,0.0,0.0,0.0,0.0,0.0
2015-02-26 16:00:00-05:00,52.44,52.55,51.98,52.32,298751,0.0,0.0,0.0,0.0,0.0
2015-02-27 16:00:00-05:00,52.42,52.65,52.054,52.22,427670,0.0,0.0,0.0,0.0,0.0
2015-03-02 16:00:00-05:00,52.21,53.72,51.86,52.98,353644,0.0,0.0,0.0,0.0,0.0
2015-03-03 16:00:00-05:00,53.03,53.03,51.99,52.36,360023,0.0,0.0,0.0,0.0,0.0
2015-03-04 16:00:00-05:00,52.03,52.5,51.8,52.38,360035,0.0,0.0,0.0,0.0,0.0
2015-03-05 16:00:00-05:00,52.61,52.99,51.97,52.51,267735,0.0,0.0,0.0,0.0,0.0
2015-03-06 16:00:00-05:00,52.34,52.47,51.49,51.63,309658,0.0,0.0,0.0,0.0,0.0
2015-03-09 16:00:00-04:00,51.74,52.28,51.4,51.57,256747,0.0,0.0,0.0,0.0,0.0
2015-03-10 16:00:00-04:00,51.41,51.75,50.55,51.41,321720,0.0,0.0,0.0,0.0,0.0
2015-03-11 16:00:00-04:00,51.54,51.72,50.6,51.11,213834,0.0,0.0,0.0,0.0,0.0
2015-03-12 16:00:00-04:00,51.31,52.39,51.31,52.19,231327,0.0,0.0,0.0,0.0,0.0
2015-03-13 16:00:00-04:00,52.35,53.11,51.74,52.4,220190,0.0,0.0,0.0,0.0,0.0
2015-03-16 16:00:00-04:00,52.79,52.87,52.02,52.29,221074,0.0,0.0,0.0,0.0,0.0
2015-03-17 16:00:00-04:00,53.79,54.55,53.0,53.22,573175,0.0,0.0,0.0,0.0,0.0
2015-03-18 16:00:00-04:00,53.22,53.6599,51.86,52.73,351191,0.0,0.0,0.0,0.0,0.0
2015-03-19 16:00:00-04:00,52.7,53.21,52.6,53.0,213115,0.0,0.0,0.0,0.0,0.0
2015-03-20 16:00:00-04:00,53.38,53.39,52.79,52.88,361060,0.0,0.0,0.0,0.0,0.0
2015-03-23 16:00:00-04:00,52.83,53.28,52.22,52.32,388132,0.0,0.0,0.0,0.0,0.0
2015-03-24 16:00:00-04:00,52.32,52.5,52.08,52.16,261222,0.0,0.0,0.0,0.0,0.0
2015-03-25 16:00:00-04:00,52.3,52.47,51.14,51.34,311884,0.0,0.0,0.0,0.0,0.0
2015-03-26 16:00:00-04:00,51.24,51.24,50.02,50.9,212371,0.0,0.0,0.0,0.0,0.0
2015-03-27 16:00:00-04:00,50.91,51.86,50.58,50.93,190835,0.0,0.0,0.0,0.0,0.0
2015-03-30 16:00:00-04:00,51.14,51.83,50.48,51.24,359908,0.0,0.0,0.0,0.0,0.0
2015-03-31 16:00:00-04:00,51.0,51.3,49.99,50.45,222974,0.0,0.0,0.0,0.0,0.0
2015-04-01 16:00:00-04:00,50.27,51.0,49.85,50.7,199214,0.0,0.0,0.0,0.0,0.0
2015-04-02 16:00:00-04:00,50.83,51.76,50.59,51.29,183060,0.0,0.0,0.0,0.0,0.0
2015-04-06 16:00:00-04:00,50.82,51.42,50.64,50.78,118216,0.0,0.0,0.0,0.0,0.0
2015-04-07 16:00:00-04:00,50.82,51.11,49.96,50.07,186121,0.0,0.0,0.0,0.0,0.0
2015-04-08 16:00:00-04:00,50.19,51.21,50.19,50.93,151173,0.0,0.0,0.0,0.0,0.0
2015-04-09 16:00:00-04:00,50.65,51.07,50.04,50.52,145909,0.0,0.0,0.0,0.0,0.0
2015-04-10 16:00:00-04:00,50.8,51.43,50.7,50.93,103548,0.0,0.0,0.0,0.0,0.0
2015-04-13 16:00:00-04:00,51.09,51.56,50.94,51.47,169767,0.0,0.0,0.0,0.0,0.0
2015-04-14 16:00:00-04:00,51.24,51.42,49.9,50.63,244804,0.0,0.0,0.0,0.0,0.0
2015-04-15 16:00:00-04:00,50.55,51.49,50.39,50.84,183606,0.0,0.0,0.0,0.0,0.0
2015-04-16 16:00:00-04:00,51.22,52.55,50.688,52.16,273333,0.0,0.0,0.0,0.0,0.0
2015-04-17 16:00:00-04:00,51.78,52.16,50.31,50.95,272180,0.0,0.0,0.0,0.0,0.0
2015-04-20 16:00:00-04:00,51.11,52.06,50.665,51.89,326957,0.0,0.0,0.0,0.0,0.0
2015-04-21 16:00:00-04:00,51.92,51.95,51.19,51.54,327914,0.0,0.0,0.0,0.0,0.0
2015-04-22 16:00:00-04:00,51.75,52.0,50.27,50.54,480411,0.0,0.0,0.0,0.0,0.0
2015-04-23 16:00:00-04:00,51.03,53.91,50.29,53.44,1218106,0.0,0.0,0.0,0.0,0.0
2015-04-24 16:00:00-04:00,51.76,53.8999,48.38,49.52,1618645,0.0,0.0,0.0,0.0,0.0
2015-04-27 16:00:00-04:00,49.79,50.61,48.15,48.46,542331,0.0,0.0,0.0,0.0,0.0
2015-04-28 16:00:00-04:00,48.66,49.33,47.7001,48.54,265334,0.0,0.0,0.0,0.0,0.0
2015-04-29 16:00:00-04:00,48.25,48.91,47.28,48.08,386944,0.0,0.0,0.0,0.0,0.0
2015-04-30 16:00:00-04:00,47.88,48.24,46.73,46.8,353319,0.0,0.0,0.0,0.0,0.0
2015-05-01 16:00:00-04:00,47.15,48.05,46.92,47.87,339440,0.0,0.0,0.0,0.0,0.0
2015-05-04 16:00:00-04:00,47.78,48.7,47.78,47.87,234998,0.0,0.0,0.0,0.0,0.0
2015-05-05 16:00:00-04:00,47.53,48.19,47.16,47.29,262925,0.0,0.0,0.0,0.0,0.0
2015-05-06 16:00:00-04:00,47.25,47.82,47.0,47.56,241940,0.0,0.0,0.0,0.0,0.0
2015-05-07 16:00:00-04:00,47.7,48.98,47.69,48.41,244067,0.0,0.0,0.0,0.0,0.0
2015-05-08 16:00:00-04:00,48.58,49.69,48.35,48.38,313582,0.0,0.0,0.0,0.0,0.0
2015-05-11 16:00:00-04:00,48.27,48.55,47.53,47.79,277891,0.0,0.0,0.0,0.0,0.0
2015-05-12 16:00:00-04:00,47.53,47.585,46.24,46.75,216452,0.0,0.0,0.0,0.0,0.0
2015-05-13 16:00:00-04:00,46.81,47.2,46.35,46.8,139199,0.0,0.0,0.0,0.0,0.0
2015-05-14 16:00:00-04:00,46.87,46.96,45.87,46.67,323872,0.0,0.0,0.0,0.0,0.0
2015-05-15 16:00:00-04:00,46.9,46.9,45.695,46.16,328656,0.0,0.0,0.0,0.0,0.0
2015-05-18 16:00:00-04:00,46.14,47.34,46.13,47.15,237550,0.0,0.0,0.0,0.0,0.0
2015-05-19 16:00:00-04:00,47.33,47.79,46.99,47.5,151904,0.0,0.0,0.0,0.0,0.0
2015-05-20 16:00:00-04:00,47.34,47.36,45.41,46.5,466214,0.0,0.0,0.0,0.0,0.0
2015-05-21 16:00:00-04:00,46.32,47.24,46.14,46.18,281849,0.0,0.0,0.0,0.0,0.0
2015-05-22 16:00:00-04:00,46.34,46.71,45.57,45.62,212918,0.0,0.0,0.0,0.0,0.0
2015-05-26 16:00:00-04:00,47.26,47.906,45.1,45.56,505123,0.0,0.0,0.0,0.0,0.0
2015-05-27 16:00:00-04:00,45.58,46.8914,45.58,46.14,231242,0.0,0.0,0.0,0.0,0.0
2015-05-28 16:00:00-04:00,46.25,47.42,46.18,46.29,283788,0.0,0.0,0.0,0.0,0.0
2015-05-29 16:00:00-04:00,46.11,46.59,45.45,45.78,280338,0.0,0.0,0.0,0.0,0.0
2015-06-01 16:00:00-04:00,45.75,46.23,44.92,45.62,343459,0.0,0.0,0.0,0.0,0.0
2015-06-02 16:00:00-04:00,45.27,46.2,45.23,45.67,320274,0.0,0.0,0.0,0.0,0.0
2015-06-03 16:00:00-04:00,46.03,47.66,46.03,46.85,353384,0.0,0.0,0.0,0.0,0.0
2015-06-04 16:00:00-04:00,46.69,46.71,46.0201,46.13,176306,0.0,0.0,0.0,0.0,0.0
2015-06-05 16:00:00-04:00,46.23,47.14,45.6901,47.09,255445,0.0,0.0,0.0,0.0,0.0
2015-06-08 16:00:00-04:00,46.87,47.36,46.51,47.04,190178,0.0,0.0,0.0,0.0,0.0
2015-06-09 16:00:00-04:00,46.82,47.23,46.5,46.6,145050,0.0,0.0,0.0,0.0,0.0
2015-06-10 16:00:00-04:00,46.72,47.61,46.72,46.93,331575,0.0,0.0,0.0,0.0,0.0
2015-06-11 16:00:00-04:00,47.06,47.64,46.41,46.79,175963,0.0,0.0,0.0,0.0,0.0
2015-06-12 16:00:00-04:00,46.99,48.22,46.91,47.8,462383,0.0,0.0,0.0,0.0,0.0
2015-06-15 16:00:00-04:00,47.52,48.01,46.89,47.66,239826,0.0,0.0,0.0,0.0,0.0
2015-06-16 16:00:00-04:00,47.44,47.63,45.93,46.73,528428,0.0,0.0,0.0,0.0,0.0
2015-06-17 16:00:00-04:00,46.97,47.13,46.4,46.98,265029,0.0,0.0,0.0,0.0,0.0
2015-06-18 16:00:00-04:00,47.15,47.85,47.0,47.5,174151,0.0,0.0,0.0,0.0,0.0
2015-06-19 16:00:00-04:00,47.65,47.87,46.72,47.85,315399,0.0,0.0,0.0,0.0,0.0
2015-06-22 16:00:00-04:00,48.04,48.87,48.04,48.69,274711,0.0,0.0,0.0,0.0,0.0
2015-06-23 16:00:00-04:00,48.86,48.9899,48.345,48.61,241767,0.0,0.0,0.0,0.0,0.0
2015-06-24 16:00:00-04:00,48.56,49.09,48.35,48.62,298277,0.0,0.0,0.0,0.0,0.0
2015-06-25 16:00:00-04:00,49.2,49.2,48.23,48.88,195312,0.0,0.0,0.0,0.0,0.0
2015-06-26 16:00:00-04:00,49.13,49.13,48.4,48.95,655238,0.0,0.0,0.0,0.0,0.0
2015-06-29 16:00:00-04:00,48.49,48.78,47.64,47.76,219270,0.0,0.0,0.0,0.0,0.0
2015-06-30 16:00:00-04:00,48.22,48.81,47.84,48.45,261175,0.0,0.0,0.0,0.0,0.0
2015-07-01 16:00:00-04:00,48.79,49.13,48.34,48.61,248686,0.0,0.0,0.0,0.0,0.0
2015-07-02 16:00:00-04:00,48.67,48.98,48.2,48.53,160336,0.0,0.0,0.0,0.0,0.0
2015-07-06 16:00:00-04:00,47.97,48.9,47.67,48.77,176975,0.0,0.0,0.0,0.0,0.0
2015-07-07 16:00:00-04:00,48.69,49.8,48.39,49.63,311718,0.0,0.0,0.0,0.0,0.0
2015-07-08 16:00:00-04:00,49.27,50.39,49.13,49.71,457069,0.0,0.0,0.0,0.0,0.0
2015-07-09 16:00:00-04:00,50.16,50.74,49.54,50.7,364015,0.0,0.0,0.0,0.0,0.0
2015-07-10 16:00:00-04:00,50.8,50.8,49.11,49.5,492008,0.0,0.0,0.0,0.0,0.0
2015-07-13 16:00:00-04:00,49.98,50.24,49.37,49.71,293991,0.0,0.0,0.0,0.0,0.0
2015-07-14 16:00:00-04:00,49.78,50.01,49.31,49.47,295791,0.0,0.0,0.0,0.0,0.0
2015-07-15 16:00:00-04:00,49.86,49.86,48.825,49.24,338852,0.0,0.0,0.0,0.0,0.0
2015-07-16 16:00:00-04:00,49.09,49.42,48.515,49.0,371246,0.0,0.0,0.0,0.0,0.0
2015-07-17 16:00:00-04:00,48.87,49.23,48.32,48.48,265829,0.0,0.0,0.0,0.0,0.0
2015-07-20 16:00:00-04:00,48.7,49.83,48.4,49.27,419795,0.0,0.0,0.0,0.0,0.0
2015-07-21 16:00:00-04:00,49.46,49.82,48.94,49.61,295329,0.0,0.0,0.0,0.0,0.0
2015-07-22 16:00:00-04:00,49.7,50.38,49.25,50.35,511820,0.0,0.0,0.0,0.0,0.0
2015-07-23 16:00:00-04:00,50.35,50.68,49.46,49.8,835507,0.0,0.0,0.0,0.0,0.0
2015-07-24 16:00:00-04:00,48.02,51.18,47.29,49.89,1143910,0.0,0.0,0.0,0.0,0.0
2015-07-27 16:00:00-04:00,50.05,51.21,49.7,50.14,449778,0.0,0.0,0.0,0.0,0.0
2015-07-28 16:00:00-04:00,50.42,50.42,49.32,50.29,326266,0.0,0.0,0.0,0.0,0.0
2015-07-29 16:00:00-04:00,49.91,51.48,49.91,51.08,526860,0.0,0.0,0.0,0.0,0.0
2015-07-30 16:00:00-04:00,50.75,52.05,50.47,51.53,423682,0.0,0.0,0.0,0.0,0.0
2015-07-31 16:00:00-04:00,51.6,51.96,51.08,51.56,344178,0.0,0.0,0.0,0.0,0.0
2015-08-03 16:00:00-04:00,51.73,52.09,51.11,51.41,239594,0.0,0.0,0.0,0.0,0.0
2015-08-04 16:00:00-04:00,51.2,52.37,51.2,51.83,309979,0.0,0.0,0.0,0.0,0.0
2015-08-05 16:00:00-04:00,51.0,51.91,50.645,51.43,645609,0.0,0.0,0.0,0.0,0.0
2015-08-06 16:00:00-04:00,51.74,52.19,48.71,48.95,736133,0.0,0.0,0.0,0.0,0.0
2015-08-07 16:00:00-04:00,48.92,49.412,48.27,48.92,572008,0.0,0.0,0.0,0.0,0.0
2015-08-10 16:00:00-04:00,48.5,49.21,47.25,47.41,448101,0.0,0.0,0.0,0.0,0.0
2015-08-11 16:00:00-04:00,47.29,47.744,46.175,46.38,566406,0.0,0.0,0.0,0.0,0.0
2015-08-12 16:00:00-04:00,46.02,47.4,46.02,47.1,520841,0.0,0.0,0.0,0.0,0.0
2015-08-13 16:00:00-04:00,47.22,47.4,46.08,46.3,426221,0.0,0.0,0.0,0.0,0.0
2015-08-14 16:00:00-04:00,46.12,46.82,46.1,46.18,302384,0.0,0.0,0.0,0.0,0.0
2015-08-17 16:00:00-04:00,46.25,46.81,45.99,46.61,248049,0.0,0.0,0.0,0.0,0.0
2015-08-18 16:00:00-04:00,46.99,47.59,46.05,46.39,272379,0.0,0.0,0.0,0.0,0.0
2015-08-19 16:00:00-04:00,46.25,47.2,46.1712,46.72,212334,0.0,0.0,0.0,0.0,0.0
2015-08-20 16:00:00-04:00,46.57,46.89,45.69,45.74,254593,0.0,0.0,0.0,0.0,0.0
2015-08-21 16:00:00-04:00,45.1,45.53,44.56,44.71,349115,0.0,0.0,0.0,0.0,0.0
2015-08-24 16:00:00-04:00,42.78,44.77,41.3501,43.92,542501,0.0,0.0,0.0,0.0,0.0
2015-08-25 16:00:00-04:00,44.18,44.89,43.02,43.54,366350,0.0,0.0,0.0,0.0,0.0
2015-08-26 16:00:00-04:00,44.56,44.56,42.89,44.06,413940,0.0,0.0,0.0,0.0,0.0
2015-08-27 16:00:00-04:00,44.25,44.7,43.87,44.39,338371,0.0,0.0,0.0,0.0,0.0
2015-08-28 16:00:00-04:00,44.42,44.45,43.8,44.26,259704,0.0,0.0,0.0,0.0,0.0
2015-08-31 16:00:00-04:00,44.17,44.47,42.88,42.99,222267,0.0,0.0,0.0,0.0,0.0
2015-09-01 16:00:00-04:00,42.8,43.94,42.75,43.21,258404,0.0,0.0,0.0,0.0,0.0
2015-09-02 16:00:00-04:00,43.23,43.84,42.82,43.79,260682,0.0,0.0,0.0,0.0,0.0
2015-09-03 16:00:00-04:00,43.96,44.85,43.94,44.33,272573,0.0,0.0,0.0,0.0,0.0
2015-09-04 16:00:00-04:00,43.76,44.85,43.76,44.61,237940,0.0,0.0,0.0,0.0,0.0
2015-09-08 16:00:00-04:00,45.22,45.928,44.55,45.79,333035,0.0,0.0,0.0,0.0,0.0
2015-09-09 16:00:00-04:00,46.08,46.08,45.31,45.44,202471,0.0,0.0,0.0,0.0,0.0
2015-09-10 16:00:00-04:00,45.4,45.81,44.91,45.04,259868,0.0,0.0,0.0,0.0,0.0
2015-09-11 16:00:00-04:00,44.94,45.11,44.075,44.88,142667,0.0,0.0,0.0,0.0,0.0
2015-09-14 16:00:00-04:00,45.03,45.03,44.16,44.28,139362,0.0,0.0,0.0,0.0,0.0
2015-09-15 16:00:00-04:00,44.19,44.7,43.56,44.16,170422,0.0,0.0,0.0,0.0,0.0
2015-09-16 16:00:00-04:00,45.04,45.69,44.52,45.09,290975,0.0,0.0,0.0,0.0,0.0
2015-09-17 16:00:00-04:00,44.8,46.45,44.72,45.56,247076,0.0,0.0,0.0,0.0,0.0
2015-09-18 16:00:00-04:00,45.05,45.74,44.01,44.19,389480,0.0,0.0,0.0,0.0,0.0
2015-09-21 16:00:00-04:00,44.53,44.89,43.83,44.77,224098,0.0,0.0,0.0,0.0,0.0
2015-09-22 16:00:00-04:00,44.5,45.16,44.3,44.93,327667,0.0,0.0,0.0,0.0,0.0
2015-09-23 16:00:00-04:00,44.84,45.31,44.4901,44.97,128563,0.0,0.0,0.0,0.0,0.0
2015-09-24 16:00:00-04:00,44.61,45.0,42.88,43.91,489320,0.0,0.0,0.0,0.0,0.0
2015-09-25 16:00:00-04:00,44.08,44.52,43.15,43.2,268804,0.0,0.0,0.0,0.0,0.0
2015-09-28 16:00:00-04:00,43.24,43.33,41.96,42.14,258241,0.0,0.0,0.0,0.0,0.0
2015-09-29 16:00:00-04:00,42.07,42.53,41.505,42.19,350899,0.0,0.0,0.0,0.0,0.0
2015-09-30 16:00:00-04:00,42.66,43.11,42.04,43.03,234225,0.0,0.0,0.0,0.0,0.0
2015-10-01 16:00:00-04:00,42.72,43.09,41.72,42.13,240878,0.0,0.0,0.0,0.0,0.0
2015-10-02 16:00:00-04:00,41.91,42.7,41.6301,42.61,222088,0.0,0.0,0.0,0.0,0.0
2015-10-05 16:00:00-04:00,42.62,43.83,42.52,43.78,228606,0.0,0.0,0.0,0.0,0.0
2015-10-06 16:00:00-04:00,43.74,44.05,42.7,42.82,207260,0.0,0.0,0.0,0.0,0.0
2015-10-07 16:00:00-04:00,42.64,43.38,42.3,43.18,222315,0.0,0.0,0.0,0.0,0.0
2015-10-08 16:00:00-04:00,43.21,43.52,42.52,42.76,174434,0.0,0.0,0.0,0.0,0.0
2015-10-09 16:00:00-04:00,42.61,42.92,42.0,42.38,198754,0.0,0.0,0.0,0.0,0.0
2015-10-12 16:00:00-04:00,42.47,42.59,42.06,42.3,274532,0.0,0.0,0.0,0.0,0.0
2015-10-13 16:00:00-04:00,42.38,42.9,41.79,42.12,243455,0.0,0.0,0.0,0.0,0.0
2015-10-14 16:00:00-04:00,42.25,42.41,41.67,41.87,194233,0.0,0.0,0.0,0.0,0.0
2015-10-15 16:00:00-04:00,42.11,42.395,41.34,42.28,311852,0.0,0.0,0.0,0.0,0.0
2015-10-16 16:00:00-04:00,42.27,42.4,41.71,41.96,230009,0.0,0.0,0.0,0.0,0.0
2015-10-19 16:00:00-04:00,42.02,42.37,41.33,41.6,521766,0.0,0.0,0.0,0.0,0.0
2015-10-20 16:00:00-04:00,41.34,42.05,40.91,41.97,504829,0.0,0.0,0.0,0.0,0.0
2015-10-21 16:00:00-04:00,41.75,42.05,40.33,41.43,578838,0.0,0.0,0.0,0.0,0.0
2015-10-22 16:00:00-04:00,41.7,42.37,40.87,41.99,1354945,0.0,0.0,0.0,0.0,0.0
2015-10-23 16:00:00-04:00,46.0,47.95,46.0,46.86,2041524,0.0,0.0,0.0,0.0,0.0
2015-10-26 16:00:00-04:00,46.64,47.3,45.2,45.37,550893,0.0,0.0,0.0,0.0,0.0
2015-10-27 16:00:00-04:00,45.38,45.62,43.78,44.16,405318,0.0,0.0,0.0,0.0,0.0
2015-10-28 16:00:00-04:00,44.23,44.73,43.83,44.66,390838,0.0,0.0,0.0,0.0,0.0
2015-10-29 16:00:00-04:00,44.01,44.12,42.6,42.94,218210,0.0,0.0,0.0,0.0,0.0
2015-10-30 16:00:00-04:00,42.98,43.8,42.65,42.93,280746,0.0,0.0,0.0,0.0,0.0
2015-11-02 16:00:00-05:00,42.94,44.678,42.94,44.42,436493,0.0,0.0,0.0,0.0,0.0
2015-11-03 16:00:00-05:00,44.72,45.32,44.2,45.19,391039,0.0,0.0,0.0,0.0,0.0
2015-11-04 16:00:00-05:00,45.2,45.46,43.86,44.36,282262,0.0,0.0,0.0,0.0,0.0
2015-11-05 16:00:00-05:00,44.5,44.82,43.71,43.94,149972,0.0,0.0,0.0,0.0,0.0
2015-11-06 16:00:00-05:00,43.78,44.53,43.545,44.25,178852,0.0,0.0,0.0,0.0,0.0
2015-11-09 16:00:00-05:00,44.25,44.4899,43.09,43.23,179808,0.0,0.0,0.0,0.0,0.0
2015-11-10 16:00:00-05:00,43.27,44.11,43.17,43.78,165182,0.0,0.0,0.0,0.0,0.0
2015-11-11 16:00:00-05:00,43.77,44.31,43.31,43.99,133985,0.0,0.0,0.0,0.0,0.0
2015-11-12 16:00:00-05:00,43.67,44.025,43.222,43.62,199954,0.0,0.0,0.0,0.0,0.0
2015-11-13 16:00:00-05:00,43.75,43.93,42.19,42.47,240400,0.0,0.0,0.0,0.0,0.0
2015-11-16 16:00:00-05:00,42.33,43.45,42.1576,43.32,232773,0.0,0.0,0.0,0.0,0.0
2015-11-17 16:00:00-05:00,43.29,43.8,42.42,42.61,224782,0.0,0.0,0.0,0.0,0.0
2015-11-18 16:00:00-05:00,42.94,43.44,42.25,42.83,227069,0.0,0.0,0.0,0.0,0.0
2015-11-19 16:00:00-05:00,42.98,43.97,42.86,43.59,289835,0.0,0.0,0.0,0.0,0.0
2015-11-20 16:00:00-05:00,43.88,44.64,43.71,43.89,276413,0.0,0.0,0.0,0.0,0.0
2015-11-23 16:00:00-05:00,43.49,44.82,43.49,44.66,200603,0.0,0.0,0.0,0.0,0.0
2015-11-24 16:00:00-05:00,44.23,45.13,44.04,45.04,132860,0.0,0.0,0.0,0.0,0.0
2015-11-25 16:00:00-05:00,45.24,46.28,44.865,46.13,194812,0.0,0.0,0.0,0.0,0.0
2015-11-27 16:00:00-05:00,46.14,46.38,45.82,45.97,77469,0.0,0.0,0.0,0.0,0.0
2015-11-30 16:00:00-05:00,46.32,46.735,45.77,45.8,296518,0.0,0.0,0.0,0.0,0.0
2015-12-01 16:00:00-05:00,45.82,46.28,44.9,45.01,631770,0.0,0.0,0.0,0.0,0.0
2015-12-02 16:00:00-05:00,44.87,45.65,44.87,45.07,197352,0.0,0.0,0.0,0.0,0.0
2015-12-03 16:00:00-05:00,45.04,45.53,43.97,44.19,264331,0.0,0.0,0.0,0.0,0.0
2015-12-04 16:00:00-05:00,44.2,45.05,44.055,44.48,252788,0.0,0.0,0.0,0.0,0.0
2015-12-07 16:00:00-05:00,44.55,45.375,43.99,45.01,311161,0.0,0.0,0.0,0.0,0.0
2015-12-08 16:00:00-05:00,44.56,45.09,44.16,44.86,300450,0.0,0.0,0.0,0.0,0.0
2015-12-09 16:00:00-05:00,45.09,45.86,44.56,45.23,347680,0.0,0.0,0.0,0.0,0.0
2015-12-10 16:00:00-05:00,45.12,45.34,43.97,44.49,375294,0.0,0.0,0.0,0.0,0.0
2015-12-11 16:00:00-05:00,43.93,44.56,43.83,43.98,248665,0.0,0.0,0.0,0.0,0.0
2015-12-14 16:00:00-05:00,44.07,44.59,43.36,43.51,406570,0.0,0.0,0.0,0.0,0.0
2015-12-15 16:00:00-05:00,43.64,44.14,43.22,43.46,307159,0.0,0.0,0.0,0.0,0.0
2015-12-16 16:00:00-05:00,43.86,44.7,43.0603,43.57,207586,0.0,0.0,0.0,0.0,0.0
2015-12-17 16:00:00-05:00,43.68,44.1,43.02,43.23,410358,0.0,0.0,0.0,0.0,0.0
2015-12-18 16:00:00-05:00,43.23,43.54,42.56,43.0,672337,0.0,0.0,0.0,0.0,0.0
2015-12-21 16:00:00-05:00,43.03,44.69,43.02,44.65,320803,0.0,0.0,0.0,0.0,0.0
2015-12-22 16:00:00-05:00,44.8,45.0,44.01,44.85,255332,0.0,0.0,0.0,0.0,0.0
2015-12-23 16:00:00-05:00,44.72,45.26,44.53,44.86,137749,0.0,0.0,0.0,0.0,0.0
2015-12-24 16:00:00-05:00,44.96,45.11,44.6,44.76,78195,0.0,0.0,0.0,0.0,0.0
2015-12-28 16:00:00-05:00,44.7,45.03,43.97,44.47,242776,0.0,0.0,0.0,0.0,0.0
2015-12-29 16:00:00-05:00,44.62,45.29,44.25,44.78,261392,0.0,0.0,0.0,0.0,0.0
2015-12-30 16:00:00-05:00,44.45,44.81,43.98,44.01,179488,0.0,0.0,0.0,0.0,0.0
2015-12-31 16:00:00-05:00,43.97,44.31,43.3769,43.47,266590,0.0,0.0,0.0,0.0,0.0
2016-01-04 16:00:00-05:00,41.73,42.69,38.85,41.98,598511,0.0,0.0,0.0,0.0,0.0
2016-01-05 16:00:00-05:00,41.92,42.62,41.19,41.22,519012,0.0,0.0,0.0,0.0,0.0
2016-01-06 16:00:00-05:00,40.75,41.06,40.11,40.78,446226,0.0,0.0,0.0,0.0,0.0
2016-01-07 16:00:00-05:00,40.24,40.58,39.045,39.52,577514,0.0,0.0,0.0,0.0,0.0
2016-01-08 16:00:00-05:00,39.55,41.59,39.5,41.01,532432,0.0,0.0,0.0,0.0,0.0
2016-01-11 16:00:00-05:00,41.17,41.6,40.8,41.23,288754,0.0,0.0,0.0,0.0,0.0
2016-01-12 16:00:00-05:00,41.15,41.72,39.3601,41.46,650455,0.0,0.0,0.0,0.0,0.0
2016-01-13 16:00:00-05:00,41.27,42.27,41.2,41.75,428405,0.0,0.0,0.0,0.0,0.0
2016-01-14 16:00:00-05:00,42.04,42.6999,40.615,42.41,347559,0.0,0.0,0.0,0.0,0.0
2016-01-15 16:00:00-05:00,41.53,41.91,40.63,41.63,248525,0.0,0.0,0.0,0.0,0.0
2016-01-19 16:00:00-05:00,41.74,41.84,39.86,40.41,325178,0.0,0.0,0.0,0.0,0.0
2016-01-20 16:00:00-05:00,39.89,41.155,38.49,40.79,531538,0.0,0.0,0.0,0.0,0.0
2016-01-21 16:00:00-05:00,40.71,41.71,40.17,41.38,297563,0.0,0.0,0.0,0.0,0.0
2016-01-22 16:00:00-05:00,41.79,42.68,41.53,42.51,324872,0.0,0.0,0.0,0.0,0.0
2016-01-25 16:00:00-05:00,42.94,42.94,41.07,41.2,348424,0.0,0.0,0.0,0.0,0.0
2016-01-26 16:00:00-05:00,41.26,42.62,41.25,42.33,242119,0.0,0.0,0.0,0.0,0.0
2016-01-27 16:00:00-05:00,42.09,42.58,41.34,41.61,155972,0.0,0.0,0.0,0.0,0.0
2016-01-28 16:00:00-05:00,41.84,42.31,41.65,41.75,204977,0.0,0.0,0.0,0.0,0.0
2016-01-29 16:00:00-05:00,41.98,43.33,41.71,42.89,313029,0.0,0.0,0.0,0.0,0.0
2016-02-01 16:00:00-05:00,42.63,43.24,41.91,42.27,363352,0.0,0.0,0.0,0.0,0.0
2016-02-02 16:00:00-05:00,41.98,41.99,41.07,41.32,248112,0.0,0.0,0.0,0.0,0.0
2016-02-03 16:00:00-05:00,41.65,41.88,40.04,40.3,217623,0.0,0.0,0.0,0.0,0.0
2016-02-04 16:00:00-05:00,40.38,41.26,39.934,41.2,147142,0.0,0.0,0.0,0.0,0.0
2016-02-05 16:00:00-05:00,41.21,41.58,40.3325,41.04,350387,0.0,0.0,0.0,0.0,0.0
2016-02-08 16:00:00-05:00,40.64,40.66,39.255,40.18,277644,0.0,0.0,0.0,0.0,0.0
2016-02-09 16:00:00-05:00,39.91,41.6,39.5401,40.73,310757,0.0,0.0,0.0,0.0,0.0
2016-02-10 16:00:00-05:00,40.99,41.315,40.44,40.77,231163,0.0,0.0,0.0,0.0,0.0
2016-02-11 16:00:00-05:00,40.26,40.98,39.75,40.72,217624,0.0,0.0,0.0,0.0,0.0
2016-02-12 16:00:00-05:00,41.07,42.2699,40.84,41.9,207932,0.0,0.0,0.0,0.0,0.0
2016-02-16 16:00:00-05:00,42.09,43.32,41.79,43.27,196309,0.0,0.0,0.0,0.0,0.0
2016-02-17 16:00:00-05:00,43.19,44.13,43.19,44.03,355459,0.0,0.0,0.0,0.0,0.0
2016-02-18 16:00:00-05:00,43.61,44.19,43.24,43.54,365213,0.0,0.0,0.0,0.0,0.0
2016-02-19 16:00:00-05:00,44.01,45.44,42.66,45.1,634472,0.0,0.0,0.0,0.0,0.0
2016-02-22 16:00:00-05:00,45.35,45.6,44.52,44.82,240838,0.0,0.0,0.0,0.0,0.0
2016-02-23 16:00:00-05:00,44.81,45.99,44.56,44.79,432972,0.0,0.0,0.0,0.0,0.0
2016-02-24 16:00:00-05:00,44.45,44.475,42.98,43.11,593234,0.0,0.0,0.0,0.0,0.0
2016-02-25 16:00:00-05:00,43.5,44.22,43.16,43.55,483727,0.0,0.0,0.0,0.0,0.0
2016-02-26 16:00:00-05:00,43.7,45.85,43.63,45.27,369910,0.0,0.0,0.0,0.0,0.0
2016-02-29 16:00:00-05:00,45.22,46.17,43.94,44.08,1635674,0.0,0.0,0.0,0.0,0.0
2016-03-01 16:00:00-05:00,44.29,45.49,43.65,45.49,679316,0.0,0.0,0.0,0.0,0.0
2016-03-02 16:00:00-05:00,45.39,45.81,45.11,45.79,299624,0.0,0.0,0.0,0.0,0.0
2016-03-03 16:00:00-05:00,45.85,45.85,45.08,45.69,282335,0.0,0.0,0.0,0.0,0.0
2016-03-04 16:00:00-05:00,45.72,46.3,45.34,46.29,402975,0.0,0.0,0.0,0.0,0.0
2016-03-07 16:00:00-05:00,46.16,46.99,46.16,46.29,342968,0.0,0.0,0.0,0.0,0.0
2016-03-08 16:00:00-05:00,45.99,46.46,45.23,45.28,394138,0.0,0.0,0.0,0.0,0.0
2016-03-09 16:00:00-05:00,45.57,45.79,44.28,44.44,289973,0.0,0.0,0.0,0.0,0.0
2016-03-10 16:00:00-05:00,44.78,45.23,44.2,44.79,304853,0.0,0.0,0.0,0.0,0.0
2016-03-11 16:00:00-05:00,45.0,45.16,44.79,45.08,250940,0.0,0.0,0.0,0.0,0.0
2016-03-14 16:00:00-04:00,45.07,45.75,44.71,44.9,169368,0.0,0.0,0.0,0.0,0.0
2016-03-15 16:00:00-04:00,44.73,44.73,43.49,43.63,280243,0.0,0.0,0.0,0.0,0.0
2016-03-16 16:00:00-04:00,43.24,43.48,42.85,43.03,334178,0.0,0.0,0.0,0.0,0.0
2016-03-17 16:00:00-04:00,42.84,43.53,42.57,43.1,566477,0.0,0.0,0.0,0.0,0.0
2016-03-18 16:00:00-04:00,43.32,43.9,42.845,43.69,696937,0.0,0.0,0.0,0.0,0.0
2016-03-21 16:00:00-04:00,43.64,44.29,42.93,43.38,165016,0.0,0.0,0.0,0.0,0.0
2016-03-22 16:00:00-04:00,43.03,43.15,42.61,42.68,290769,0.0,0.0,0.0,0.0,0.0
2016-03-23 16:00:00-04:00,42.67,42.67,41.87,41.91,174139,0.0,0.0,0.0,0.0,0.0
2016-03-24 16:00:00-04:00,41.58,42.2654,40.97,41.5,194724,0.0,0.0,0.0,0.0,0.0
2016-03-28 16:00:00-04:00,41.7,42.28,41.18,41.83,239373,0.0,0.0,0.0,0.0,0.0
2016-03-29 16:00:00-04:00,41.92,42.86,41.76,42.66,373675,0.0,0.0,0.0,0.0,0.0
2016-03-30 16:00:00-04:00,42.78,43.46,42.41,42.58,360715,0.0,0.0,0.0,0.0,0.0
2016-03-31 16:00:00-04:00,42.59,43.31,41.43,41.57,537186,0.0,0.0,0.0,0.0,0.0
2016-04-01 16:00:00-04:00,41.32,42.93,41.32,42.18,459434,0.0,0.0,0.0,0.0,0.0
2016-04-04 16:00:00-04:00,42.3,42.5,41.57,42.48,279281,0.0,0.0,0.0,0.0,0.0
2016-04-05 16:00:00-04:00,42.02,42.18,41.49,41.82,267864,0.0,0.0,0.0,0.0,0.0
2016-04-06 16:00:00-04:00,41.72,42.08,41.72,41.93,162680,0.0,0.0,0.0,0.0,0.0
2016-04-07 16:00:00-04:00,41.81,42.07,41.28,41.46,276850,0.0,0.0,0.0,0.0,0.0
2016-04-08 16:00:00-04:00,41.58,43.0,41.58,42.06,367885,0.0,0.0,0.0,0.0,0.0
2016-04-11 16:00:00-04:00,42.41,42.61,41.85,41.88,189695,0.0,0.0,0.0,0.0,0.0
2016-04-12 16:00:00-04:00,41.81,43.15,41.76,43.08,334701,0.0,0.0,0.0,0.0,0.0
2016-04-13 16:00:00-04:00,43.12,43.38,42.49,42.89,282309,0.0,0.0,0.0,0.0,0.0
2016-04-14 16:00:00-04:00,42.96,43.58,42.31,43.21,242313,0.0,0.0,0.0,0.0,0.0
2016-04-15 16:00:00-04:00,42.94,43.51,42.59,43.15,194640,0.0,0.0,0.0,0.0,0.0
2016-04-18 16:00:00-04:00,43.17,43.53,43.04,43.09,231003,0.0,0.0,0.0,0.0,0.0
2016-04-19 16:00:00-04:00,43.0,43.25,42.57,42.94,332826,0.0,0.0,0.0,0.0,0.0
2016-04-20 16:00:00-04:00,42.96,43.0325,42.23,42.26,249265,0.0,0.0,0.0,0.0,0.0
2016-04-21 16:00:00-04:00,42.39,42.39,40.75,40.8,742453,0.0,0.0,0.0,0.0,0.0
2016-04-22 16:00:00-04:00,42.72,45.56,42.06,44.52,1148996,0.0,0.0,0.0,0.0,0.0
2016-04-25 16:00:00-04:00,44.36,44.74,44.2,44.23,423175,0.0,0.0,0.0,0.0,0.0
2016-04-26 16:00:00-04:00,44.16,45.03,44.11,44.94,263910,0.0,0.0,0.0,0.0,0.0
2016-04-27 16:00:00-04:00,44.76,45.4961,44.22,44.5,200067,0.0,0.0,0.0,0.0,0.0
2016-04-28 16:00:00-04:00,44.22,44.9,44.1,44.38,199510,0.0,0.0,0.0,0.0,0.0
2016-04-29 16:00:00-04:00,44.44,44.67,44.075,44.6,246900,0.0,0.0,0.0,0.0,0.0
2016-05-02 16:00:00-04:00,44.84,45.09,44.4,44.91,271374,0.0,0.0,0.0,0.0,0.0
2016-05-03 16:00:00-04:00,44.75,45.2,44.575,44.86,305356,0.0,0.0,0.0,0.0,0.0
2016-05-04 16:00:00-04:00,44.79,45.11,44.465,44.79,231287,0.0,0.0,0.0,0.0,0.0
2016-05-05 16:00:00-04:00,44.88,45.27,44.42,44.58,169593,0.0,0.0,0.0,0.0,0.0
2016-05-06 16:00:00-04:00,44.51,45.4452,43.48,44.49,282803,0.0,0.0,0.0,0.0,0.0
2016-05-09 16:00:00-04:00,44.34,45.2,44.0428,44.88,258423,0.0,0.0,0.0,0.0,0.0
2016-05-10 16:00:00-04:00,44.9,45.2805,44.19,45.19,192320,0.0,0.0,0.0,0.0,0.0
2016-05-11 16:00:00-04:00,45.03,45.185,43.88,43.93,136806,0.0,0.0,0.0,0.0,0.0
2016-05-12 16:00:00-04:00,44.17,44.47,43.6,43.86,166836,0.0,0.0,0.0,0.0,0.0
2016-05-13 16:00:00-04:00,43.72,44.24,43.4,43.59,142837,0.0,0.0,0.0,0.0,0.0
2016-05-16 16:00:00-04:00,43.58,44.12,43.4,43.97,161129,0.0,0.0,0.0,0.0,0.0
2016-05-17 16:00:00-04:00,43.76,44.17,42.89,43.07,215315,0.0,0.0,0.0,0.0,0.0
2016-05-18 16:00:00-04:00,43.05,43.15,42.5,42.78,190762,0.0,0.0,0.0,0.0,0.0
2016-05-19 16:00:00-04:00,42.51,43.12,41.84,42.62,190558,0.0,0.0,0.0,0.0,0.0
2016-05-20 16:00:00-04:00,42.78,43.29,42.46,43.16,173486,0.0,0.0,0.0,0.0,0.0
2016-05-23 16:00:00-04:00,43.15,43.47,42.88,42.95,156485,0.0,0.0,0.0,0.0,0.0
2016-05-24 16:00:00-04:00,43.04,43.93,42.87,43.69,122999,0.0,0.0,0.0,0.0,0.0
2016-05-25 16:00:00-04:00,43.64,44.0,43.3,43.54,123011,0.0,0.0,0.0,0.0,0.0
2016-05-26 16:00:00-04:00,43.63,44.3,43.23,44.24,161944,0.0,0.0,0.0,0.0,0.0
2016-05-27 16:00:00-04:00,44.14,45.2,44.14,44.69,181502,0.0,0.0,0.0,0.0,0.0
2016-05-31 16:00:00-04:00,44.48,45.24,43.51,44.8,376072,0.0,0.0,0.0,0.0,0.0
2016-06-01 16:00:00-04:00,44.86,45.78,44.83,45.45,507479,0.0,0.0,0.0,0.0,0.0
2016-06-02 16:00:00-04:00,45.14,46.25,45.02,46.12,524961,0.0,0.0,0.0,0.0,0.0
2016-06-03 16:00:00-04:00,45.84,46.47,45.37,46.02,255109,0.0,0.0,0.0,0.0,0.0
2016-06-06 16:00:00-04:00,45.96,47.36,45.93,46.83,312881,0.0,0.0,0.0,0.0,0.0
2016-06-07 16:00:00-04:00,46.89,47.015,46.225,46.52,194505,0.0,0.0,0.0,0.0,0.0
2016-06-08 16:00:00-04:00,46.74,47.55,46.35,47.36,393250,0.0,0.0,0.0,0.0,0.0
2016-06-09 16:00:00-04:00,47.36,47.5,46.1971,47.04,177630,0.0,0.0,0.0,0.0,0.0
2016-06-10 16:00:00-04:00,46.81,47.09,46.12,46.43,135786,0.0,0.0,0.0,0.0,0.0
2016-06-13 16:00:00-04:00,46.16,46.765,46.0,46.04,125252,0.0,0.0,0.0,0.0,0.0
2016-06-14 16:00:00-04:00,45.89,46.81,45.77,46.71,190878,0.0,0.0,0.0,0.0,0.0
2016-06-15 16:00:00-04:00,46.74,46.74,45.98,46.11,200257,0.0,0.0,0.0,0.0,0.0
2016-06-16 16:00:00-04:00,45.96,46.41,45.63,46.38,180399,0.0,0.0,0.0,0.0,0.0
2016-06-17 16:00:00-04:00,46.35,46.54,45.76,45.98,313082,0.0,0.0,0.0,0.0,0.0
2016-06-20 16:00:00-04:00,46.42,46.9,45.88,46.06,247067,0.0,0.0,0.0,0.0,0.0
2016-06-21 16:00:00-04:00,46.19,46.19,45.37,45.61,142669,0.0,0.0,0.0,0.0,0.0
2016-06-22 16:00:00-04:00,45.5,45.8,45.17,45.39,138148,0.0,0.0,0.0,0.0,0.0
2016-06-23 16:00:00-04:00,45.61,46.43,45.26,45.81,227525,0.0,0.0,0.0,0.0,0.0
2016-06-24 16:00:00-04:00,44.85,45.85,42.62,45.42,683571,0.0,0.0,0.0,0.0,0.0
2016-06-27 16:00:00-04:00,44.9,45.0,43.68,43.68,246159,0.0,0.0,0.0,0.0,0.0
2016-06-28 16:00:00-04:00,43.88,44.255,43.3,43.54,271702,0.0,0.0,0.0,0.0,0.0
2016-06-29 16:00:00-04:00,43.85,44.55,43.74,43.82,319312,0.0,0.0,0.0,0.0,0.0
2016-06-30 16:00:00-04:00,43.77,44.42,43.11,43.83,417442,0.0,0.0,0.0,0.0,0.0
2016-07-01 16:00:00-04:00,43.69,44.16,43.18,43.65,181123,0.0,0.0,0.0,0.0,0.0
2016-07-05 16:00:00-04:00,43.35,43.605,42.68,42.93,221643,0.0,0.0,0.0,0.0,0.0
2016-07-06 16:00:00-04:00,42.67,43.46,42.57,43.03,259532,0.0,0.0,0.0,0.0,0.0
2016-07-07 16:00:00-04:00,43.14,43.45,42.66,42.7,229756,0.0,0.0,0.0,0.0,0.0
2016-07-08 16:00:00-04:00,43.05,43.98,43.05,43.55,273888,0.0,0.0,0.0,0.0,0.0
2016-07-11 16:00:00-04:00,43.64,44.38,43.47,44.22,171215,0.0,0.0,0.0,0.0,0.0
2016-07-12 16:00:00-04:00,44.63,44.75,44.21,44.44,292936,0.0,0.0,0.0,0.0,0.0
2016-07-13 16:00:00-04:00,44.68,44.75,44.19,44.3,152001,0.0,0.0,0.0,0.0,0.0
2016-07-14 16:00:00-04:00,44.48,44.72,44.3901,44.5,124882,0.0,0.0,0.0,0.0,0.0
2016-07-15 16:00:00-04:00,44.73,44.73,43.97,44.09,143421,0.0,0.0,0.0,0.0,0.0
2016-07-18 16:00:00-04:00,44.13,44.86,44.0,44.33,127749,0.0,0.0,0.0,0.0,0.0
2016-07-19 16:00:00-04:00,44.18,44.68,44.1,44.16,140690,0.0,0.0,0.0,0.0,0.0
2016-07-20 16:00:00-04:00,44.25,44.45,44.08,44.11,115341,0.0,0.0,0.0,0.0,0.0
2016-07-21 16:00:00-04:00,44.14,44.14,43.16,43.4,257033,0.0,0.0,0.0,0.0,0.0
2016-07-22 16:00:00-04:00,43.39,44.51,43.24,44.35,233728,0.0,0.0,0.0,0.0,0.0
2016-07-25 16:00:00-04:00,44.35,45.05,43.94,44.83,244605,0.0,0.0,0.0,0.0,0.0
2016-07-26 16:00:00-04:00,43.27,43.41,41.32,42.63,738828,0.0,0.0,0.0,0.0,0.0
2016-07-27 16:00:00-04:00,42.0,42.0,38.29,38.83,1185531,0.0,0.0,0.0,0.0,0.0
2016-07-28 16:00:00-04:00,38.62,40.05,38.6,39.15,483828,0.0,0.0,0.0,0.0,0.0
2016-07-29 16:00:00-04:00,39.27,39.43,38.52,38.84,407244,0.0,0.0,0.0,0.0,0.0
2016-08-01 16:00:00-04:00,38.76,39.68,38.76,39.33,454103,0.0,0.0,0.0,0.0,0.0
2016-08-02 16:00:00-04:00,39.16,39.23,38.455,38.78,418753,0.0,0.0,0.0,0.0,0.0
2016-08-03 16:00:00-04:00,39.37,40.18,39.25,39.46,490290,0.0,0.0,0.0,0.0,0.0
2016-08-04 16:00:00-04:00,39.6,39.79,39.12,39.21,313267,0.0,0.0,0.0,0.0,0.0
2016-08-05 16:00:00-04:00,39.5,40.57,39.29,40.55,391765,0.0,0.0,0.0,0.0,0.0
2016-08-08 16:00:00-04:00,40.52,40.95,40.31,40.49,258612,0.0,0.0,0.0,0.0,0.0
2016-08-09 16:00:00-04:00,40.33,41.12,40.2,40.62,262358,0.0,0.0,0.0,0.0,0.0
2016-08-10 16:00:00-04:00,40.53,41.02,39.865,39.9,185304,0.0,0.0,0.0,0.0,0.0
2016-08-11 16:00:00-04:00,39.92,40.96,39.92,40.92,447780,0.0,0.0,0.0,0.0,0.0
2016-08-12 16:00:00-04:00,40.98,41.2,40.52,40.73,308882,0.0,0.0,0.0,0.0,0.0
2016-08-15 16:00:00-04:00,40.63,40.92,40.345,40.53,215530,0.0,0.0,0.0,0.0,0.0
2016-08-16 16:00:00-04:00,40.59,40.79,40.2201,40.75,306770,0.0,0.0,0.0,0.0,0.0
2016-08-17 16:00:00-04:00,40.63,40.95,40.45,40.86,309951,0.0,0.0,0.0,0.0,0.0
2016-08-18 16:00:00-04:00,40.78,41.189,40.71,40.83,261387,0.0,0.0,0.0,0.0,0.0
2016-08-19 16:00:00-04:00,40.74,40.81,40.41,40.43,147314,0.0,0.0,0.0,0.0,0.0
2016-08-22 16:00:00-04:00,40.29,40.8999,40.22,40.42,127547,0.0,0.0,0.0,0.0,0.0
2016-08-23 16:00:00-04:00,40.39,40.55,40.1,40.39,126882,0.0,0.0,0.0,0.0,0.0
2016-08-24 16:00:00-04:00,40.37,40.78,40.1,40.28,159523,0.0,0.0,0.0,0.0,0.0
2016-08-25 16:00:00-04:00,40.2,40.4,39.83,40.31,224736,0.0,0.0,0.0,0.0,0.0
2016-08-26 16:00:00-04:00,40.34,40.59,39.63,39.97,222756,0.0,0.0,0.0,0.0,0.0
2016-08-29 16:00:00-04:00,40.16,40.79,40.025,40.08,108625,0.0,0.0,0.0,0.0,0.0
2016-08-30 16:00:00-04:00,40.0,40.39,39.85,39.96,138012,0.0,0.0,0.0,0.0,0.0
2016-08-31 16:00:00-04:00,39.82,40.18,39.3,39.72,225751,0.0,0.0,0.0,0.0,0.0
2016-09-01 16:00:00-04:00,39.82,40.08,39.0,39.22,318160,0.0,0.0,0.0,0.0,0.0
2016-09-02 16:00:00-04:00,39.27,39.81,39.1664,39.66,151725,0.0,0.0,0.0,0.0,0.0
2016-09-06 16:00:00-04:00,39.87,39.91,39.51,39.64,145641,0.0,0.0,0.0,0.0,0.0
2016-09-07 16:00:00-04:00,39.69,39.95,39.395,39.86,313359,0.0,0.0,0.0,0.0,0.0
2016-09-08 16:00:00-04:00,39.73,39.79,38.74,38.94,246473,0.0,0.0,0.0,0.0,0.0
2016-09-09 16:00:00-04:00,38.02,38.78,38.02,38.19,382039,0.0,0.0,0.0,0.0,0.0
2016-09-12 16:00:00-04:00,37.99,38.52,37.7,38.13,384526,0.0,0.0,0.0,0.0,0.0
2016-09-13 16:00:00-04:00,37.86,38.28,37.77,37.98,187442,0.0,0.0,0.0,0.0,0.0
2016-09-14 16:00:00-04:00,37.87,38.21,37.44,37.49,148371,0.0,0.0,0.0,0.0,0.0
2016-09-15 16:00:00-04:00,37.44,37.57,36.75,36.79,294347,0.0,0.0,0.0,0.0,0.0
2016-09-16 16:00:00-04:00,36.89,37.27,36.84,36.85,278868,0.0,0.0,0.0,0.0,0.0
2016-09-19 16:00:00-04:00,36.92,37.595,36.91,37.535,234781,0.0,0.0,0.0,0.0,0.0
2016-09-20 16:00:00-04:00,37.61,38.2,37.24,37.39,216202,0.0,0.0,0.0,0.0,0.0
2016-09-21 16:00:00-04:00,37.33,37.61,36.93,37.11,277568,0.0,0.0,0.0,0.0,0.0
2016-09-22 16:00:00-04:00,37.17,37.37,36.96,37.14,303075,0.0,0.0,0.0,0.0,0.0
2016-09-23 16:00:00-04:00,36.98,37.96,36.96,37.88,399256,0.0,0.0,0.0,0.0,0.0
2016-09-26 16:00:00-04:00,37.64,37.73,37.04,37.07,154238,0.0,0.0,0.0,0.0,0.0
2016-09-27 16:00:00-04:00,37.19,37.19,36.07,36.36,401534,0.0,0.0,0.0,0.0,0.0
2016-09-28 16:00:00-04:00,36.31,36.31,35.2,35.53,572688,0.0,0.0,0.0,0.0,0.0
2016-09-29 16:00:00-04:00,35.29,35.67,34.83,35.04,520781,0.0,0.0,0.0,0.0,0.0
2016-09-30 16:00:00-04:00,35.03,35.7,34.99,35.55,547139,0.0,0.0,0.0,0.0,0.0
2016-10-03 16:00:00-04:00,35.54,36.18,35.35,36.16,299112,0.0,0.0,0.0,0.0,0.0
2016-10-04 16:00:00-04:00,36.4,36.78,36.27,36.31,248075,0.0,0.0,0.0,0.0,0.0
2016-10-05 16:00:00-04:00,36.36,36.73,36.23,36.58,276272,0.0,0.0,0.0,0.0,0.0
2016-10-06 16:00:00-04:00,36.39,36.54,35.34,35.39,494538,0.0,0.0,0.0,0.0,0.0
2016-10-07 16:00:00-04:00,35.39,35.65,35.22,35.37,409252,0.0,0.0,0.0,0.0,0.0
2016-10-10 16:00:00-04:00,35.64,36.2,35.64,35.77,302430,0.0,0.0,0.0,0.0,0.0
2016-10-11 16:00:00-04:00,35.89,36.08,34.64,35.18,346195,0.0,0.0,0.0,0.0,0.0
2016-10-12 16:00:00-04:00,35.05,35.55,35.02,35.15,171870,0.0,0.0,0.0,0.0,0.0
2016-10-13 16:00:00-04:00,34.9,35.06,34.56,34.62,203879,0.0,0.0,0.0,0.0,0.0
2016-10-14 16:00:00-04:00,34.53,35.29,34.41,34.89,470498,0.0,0.0,0.0,0.0,0.0
2016-10-17 16:00:00-04:00,34.88,35.55,34.76,35.06,447884,0.0,0.0,0.0,0.0,0.0
2016-10-18 16:00:00-04:00,35.43,35.92,35.22,35.42,386243,0.0,0.0,0.0,0.0,0.0
2016-10-19 16:00:00-04:00,35.38,35.87,35.35,35.69,1009911,0.0,0.0,0.0,0.0,0.0
2016-10-20 16:00:00-04:00,32.47,35.05,32.24,34.45,2836673,0.0,0.0,0.0,0.0,0.0
2016-10-21 16:00:00-04:00,34.45,34.58,33.97,34.33,902640,0.0,0.0,0.0,0.0,0.0
2016-10-24 16:00:00-04:00,34.6,34.89,34.12,34.28,387462,0.0,0.0,0.0,0.0,0.0
2016-10-25 16:00:00-04:00,34.1,34.13,33.715,33.87,405784,0.0,0.0,0.0,0.0,0.0
2016-10-26 16:00:00-04:00,33.93,33.98,33.22,33.65,426570,0.0,0.0,0.0,0.0,0.0
2016-10-27 16:00:00-04:00,34.64,34.77,34.19,34.74,441635,0.0,0.0,0.0,0.0,0.0
2016-10-28 16:00:00-04:00,34.76,36.1699,34.76,36.0,659644,0.0,0.0,0.0,0.0,0.0
2016-10-31 16:00:00-04:00,36.15,36.4,35.7,36.1,444137,0.0,0.0,0.0,0.0,0.0
2016-11-01 16:00:00-04:00,35.75,36.5,35.01,36.2,371618,0.0,0.0,0.0,0.0,0.0
2016-11-02 16:00:00-04:00,36.0,36.2,35.25,35.6,468635,0.0,0.0,0.0,0.0,0.0
2016-11-03 16:00:00-04:00,35.8,36.25,35.2,35.55,320352,0.0,0.0,0.0,0.0,0.0
2016-11-04 16:00:00-04:00,35.7,36.1,35.35,35.5,506935,0.0,0.0,0.0,0.0,0.0
2016-11-07 16:00:00-05:00,35.95,36.5,35.75,35.85,309004,0.0,0.0,0.0,0.0,0.0
2016-11-08 16:00:00-05:00,35.7,36.25,35.65,36.05,231112,0.0,0.0,0.0,0.0,0.0
2016-11-09 16:00:00-05:00,35.4,38.0,35.16,37.75,551914,0.0,0.0,0.0,0.0,0.0
2016-11-10 16:00:00-05:00,38.05,39.2,37.9,38.7,558519,0.0,0.0,0.0,0.0,0.0
2016-11-11 16:00:00-05:00,38.9,39.7,38.8488,39.25,368430,0.0,0.0,0.0,0.0,0.0
2016-11-14 16:00:00-05:00,39.55,40.05,39.25,39.4,436470,0.0,0.0,0.0,0.0,0.0
2016-11-15 16:00:00-05:00,39.35,39.45,38.4,38.75,278393,0.0,0.0,0.0,0.0,0.0
2016-11-16 16:00:00-05:00,38.85,39.1,38.15,38.35,253548,0.0,0.0,0.0,0.0,0.0
2016-11-17 16:00:00-05:00,38.3,38.85,38.15,38.3,371790,0.0,0.0,0.0,0.0,0.0
2016-11-18 16:00:00-05:00,38.35,38.8,38.05,38.5,423645,0.0,0.0,0.0,0.0,0.0
2016-11-21 16:00:00-05:00,38.5,39.05,38.35,38.9,197095,0.0,0.0,0.0,0.0,0.0
2016-11-22 16:00:00-05:00,39.1,39.55,38.9,39.15,264623,0.0,0.0,0.0,0.0,0.0
2016-11-23 16:00:00-05:00,39.25,39.675,39.0,39.15,234730,0.0,0.0,0.0,0.0,0.0
2016-11-25 13:00:00-05:00,39.25,39.7,39.107,39.45,83577,0.0,0.0,0.0,0.0,0.0
2016-11-28 16:00:00-05:00,39.35,39.55,38.725,38.75,549472,0.0,0.0,0.0,0.0,0.0
2016-11-29 16:00:00-05:00,38.85,39.025,37.9,37.9,291017,0.0,0.0,0.0,0.0,0.0
2016-11-30 16:00:00-05:00,37.9,37.95,37.05,37.1,223784,0.0,0.0,0.0,0.0,0.0
2016-12-01 16:00:00-05:00,37.4,37.9,37.0,37.65,341485,0.0,0.0,0.0,0.0,0.0
2016-12-02 16:00:00-05:00,37.45,37.85,37.25,37.45,148510,0.0,0.0,0.0,0.0,0.0
2016-12-05 16:00:00-05:00,37.6,37.95,37.6,37.75,144570,0.0,0.0,0.0,0.0,0.0
2016-12-06 16:00:00-05:00,37.9,38.25,37.439,37.9,209672,0.0,0.0,0.0,0.0,0.0
2016-12-07 16:00:00-05:00,38.05,38.75,37.85,38.65,243736,0.0,0.0,0.0,0.0,0.0
2016-12-08 16:00:00-05:00,38.75,39.8,38.6,39.75,252775,0.0,0.0,0.0,0.0,0.0
2016-12-09 16:00:00-05:00,39.9,39.95,39.55,39.85,160291,0.0,0.0,0.0,0.0,0.0
2016-12-12 16:00:00-05:00,39.85,39.95,39.025,39.4,254867,0.0,0.0,0.0,0.0,0.0
2016-12-13 16:00:00-05:00,39.65,39.75,38.75,39.0,232689,0.0,0.0,0.0,0.0,0.0
2016-12-14 16:00:00-05:00,38.95,39.15,38.35,38.45,212554,0.0,0.0,0.0,0.0,0.0
2016-12-15 16:00:00-05:00,38.6,39.0,38.2,38.45,264867,0.0,0.0,0.0,0.0,0.0
2016-12-16 16:00:00-05:00,38.6,39.65,38.6,39.35,593270,0.0,0.0,0.0,0.0,0.0
2016-12-19 16:00:00-05:00,39.5,39.7,37.9,38.15,456098,0.0,0.0,0.0,0.0,0.0
2016-12-20 16:00:00-05:00,38.35,39.1,38.2,38.4,254562,0.0,0.0,0.0,0.0,0.0
2016-12-21 16:00:00-05:00,38.45,39.3,38.2,38.8,263577,0.0,0.0,0.0,0.0,0.0
2016-12-22 16:00:00-05:00,38.95,39.4,38.6,38.65,284107,0.0,0.0,0.0,0.0,0.0
2016-12-23 16:00:00-05:00,38.65,39.45,38.65,38.85,290096,0.0,0.0,0.0,0.0,0.0
2016-12-27 16:00:00-05:00,38.8,40.0,38.7,39.95,223318,0.0,0.0,0.0,0.0,0.0
2016-12-28 16:00:00-05:00,39.9,40.05,39.35,39.55,252827,0.0,0.0,0.0,0.0,0.0
2016-12-29 16:00:00-05:00,39.65,40.3,39.55,40.15,231319,0.0,0.0,0.0,0.0,0.0
2016-12-30 16:00:00-05:00,40.1,40.15,38.95,39.3,279275,0.0,0.0,0.0,0.0,0.0
2017-01-03 16:00:00-05:00,39.35,39.65,38.1,38.2,425238,0.0,0.0,0.0,0.0,0.0
2017-01-04 16:00:00-05:00,38.35,39.025,38.05,38.95,329014,0.0,0.0,0.0,0.0,0.0
2017-01-05 16:00:00-05:00,37.4,37.6,36.3,36.35,774288,0.0,0.0,0.0,0.0,0.0
2017-01-06 16:00:00-05:00,36.45,36.55,35.5,35.9,556613,0.0,0.0,0.0,0.0,0.0
2017-01-09 16:00:00-05:00,35.75,35.9,35.3,35.4,269210,0.0,0.0,0.0,0.0,0.0
2017-01-10 16:00:00-05:00,35.5,36.05,35.25,35.8,229125,0.0,0.0,0.0,0.0,0.0
2017-01-11 16:00:00-05:00,35.85,36.425,35.6,36.3,348522,0.0,0.0,0.0,0.0,0.0
2017-01-12 16:00:00-05:00,36.1,36.45,36.0,36.05,243512,0.0,0.0,0.0,0.0,0.0
2017-01-13 16:00:00-05:00,36.15,36.4,35.35,35.95,328763,0.0,0.0,0.0,0.0,0.0
2017-01-17 16:00:00-05:00,35.8,36.45,35.45,35.55,285936,0.0,0.0,0.0,0.0,0.0
2017-01-18 16:00:00-05:00,35.4,36.0,35.1,35.9,331779,0.0,0.0,0.0,0.0,0.0
2017-01-19 16:00:00-05:00,35.8,36.125,35.15,35.2,281599,0.0,0.0,0.0,0.0,0.0
2017-01-20 16:00:00-05:00,35.2,36.0,34.7,34.95,510469,0.0,0.0,0.0,0.0,0.0
2017-01-23 16:00:00-05:00,34.95,35.975,34.85,35.8,342032,0.0,0.0,0.0,0.0,0.0
2017-01-24 16:00:00-05:00,35.9,36.1,35.55,35.9,142655,0.0,0.0,0.0,0.0,0.0
2017-01-25 16:00:00-05:00,35.95,36.3,35.55,36.0,325824,0.0,0.0,0.0,0.0,0.0
2017-01-26 16:00:00-05:00,35.8,36.2,35.5,35.55,229358,0.0,0.0,0.0,0.0,0.0
2017-01-27 16:00:00-05:00,35.55,35.75,34.7,35.2,187349,0.0,0.0,0.0,0.0,0.0
2017-01-30 16:00:00-05:00,35.0,35.35,34.8,35.2,405378,0.0,0.0,0.0,0.0,0.0
2017-01-31 16:00:00-05:00,35.1,35.65,34.85,35.55,401445,0.0,0.0,0.0,0.0,0.0
2017-02-01 16:00:00-05:00,35.6,35.65,34.7,34.7,174618,0.0,0.0,0.0,0.0,0.0
2017-02-02 16:00:00-05:00,34.6,35.05,34.6,34.7,163577,0.0,0.0,0.0,0.0,0.0
2017-02-03 16:00:00-05:00,34.95,35.075,34.575,35.0,228234,0.0,0.0,0.0,0.0,0.0
2017-02-06 16:00:00-05:00,35.25,35.55,34.65,34.85,290163,0.0,0.0,0.0,0.0,0.0
2017-02-07 16:00:00-05:00,34.85,35.3,34.8,34.95,153597,0.0,0.0,0.0,0.0,0.0
2017-02-08 16:00:00-05:00,34.85,35.75,34.7,35.65,249601,0.0,0.0,0.0,0.0,0.0
2017-02-09 16:00:00-05:00,35.65,36.6,35.65,36.15,291335,0.0,0.0,0.0,0.0,0.0
2017-02-10 16:00:00-05:00,36.3,37.45,36.3,37.4,399414,0.0,0.0,0.0,0.0,0.0
2017-02-13 16:00:00-05:00,37.6,37.77,36.9,37.25,256410,0.0,0.0,0.0,0.0,0.0
2017-02-14 16:00:00-05:00,37.0,37.45,36.9,37.3,333564,0.0,0.0,0.0,0.0,0.0
2017-02-15 16:00:00-05:00,37.15,37.4,36.5,37.3,275217,0.0,0.0,0.0,0.0,0.0
2017-02-16 16:00:00-05:00,37.3,37.65,36.3688,37.2,272199,0.0,0.0,0.0,0.0,0.0
2017-02-17 16:00:00-05:00,37.15,37.35,36.75,37.3,402518,0.0,0.0,0.0,0.0,0.0
2017-02-21 16:00:00-05:00,37.45,37.7,36.95,37.25,297794,0.0,0.0,0.0,0.0,0.0
2017-02-22 16:00:00-05:00,36.95,37.0,35.75,35.95,386235,0.0,0.0,0.0,0.0,0.0
2017-02-23 16:00:00-05:00,35.9,35.9,35.05,35.65,601703,0.0,0.0,0.0,0.0,0.0
2017-02-24 16:00:00-05:00,37.4,37.75,35.95,37.25,1246772,0.0,0.0,0.0,0.0,0.0
2017-02-27 16:00:00-05:00,37.45,37.95,37.05,37.3,497269,0.0,0.0,0.0,0.0,0.0
2017-02-28 16:00:00-05:00,37.25,37.3,36.35,36.35,447309,0.0,0.0,0.0,0.0,0.0
2017-03-01 16:00:00-05:00,36.85,37.275,36.65,36.75,434265,0.0,0.0,0.0,0.0,0.0
2017-03-02 16:00:00-05:00,36.55,37.475,36.55,37.15,337402,0.0,0.0,0.0,0.0,0.0
2017-03-03 16:00:00-05:00,37.15,37.55,36.95,37.3,285230,0.0,0.0,0.0,0.0,0.0
2017-03-06 16:00:00-05:00,37.25,38.4,36.95,38.05,442617,0.0,0.0,0.0,0.0,0.0
2017-03-07 16:00:00-05:00,38.15,38.4,37.925,38.15,307840,0.0,0.0,0.0,0.0,0.0
2017-03-08 16:00:00-05:00,38.2,38.4,37.75,38.0,277536,0.0,0.0,0.0,0.0,0.0
2017-03-09 16:00:00-05:00,37.9,38.0,37.2,37.75,204813,0.0,0.0,0.0,0.0,0.0
2017-03-10 16:00:00-05:00,37.85,38.35,37.825,38.15,350725,0.0,0.0,0.0,0.0,0.0
2017-03-13 16:00:00-04:00,38.5,38.9,38.05,38.4,533016,0.0,0.0,0.0,0.0,0.0
2017-03-14 16:00:00-04:00,38.4,38.9,38.025,38.4,320368,0.0,0.0,0.0,0.0,0.0
2017-03-15 16:00:00-04:00,38.5,39.2,38.5,38.9,336984,0.0,0.0,0.0,0.0,0.0
2017-03-16 16:00:00-04:00,39.1,39.25,38.7,38.75,268083,0.0,0.0,0.0,0.0,0.0
2017-03-17 16:00:00-04:00,38.75,39.25,38.5,39.15,377673,0.0,0.0,0.0,0.0,0.0
2017-03-20 16:00:00-04:00,39.25,39.7,38.55,38.65,216648,0.0,0.0,0.0,0.0,0.0
2017-03-21 16:00:00-04:00,38.75,39.1,37.9,37.95,191554,0.0,0.0,0.0,0.0,0.0
2017-03-22 16:00:00-04:00,37.9,38.6,37.85,38.25,189412,0.0,0.0,0.0,0.0,0.0
2017-03-23 16:00:00-04:00,38.25,39.15,37.9,38.4,177204,0.0,0.0,0.0,0.0,0.0
2017-03-24 16:00:00-04:00,38.45,39.0,38.3,38.4,185309,0.0,0.0,0.0,0.0,0.0
2017-03-27 16:00:00-04:00,38.2,38.6,38.05,38.5,310811,0.0,0.0,0.0,0.0,0.0
2017-03-28 16:00:00-04:00,38.5,39.35,38.3,39.3,294337,0.0,0.0,0.0,0.0,0.0
2017-03-29 16:00:00-04:00,39.15,39.9,39.15,39.35,338813,0.0,0.0,0.0,0.0,0.0
2017-03-30 16:00:00-04:00,39.35,39.9,39.25,39.75,283549,0.0,0.0,0.0,0.0,0.0
2017-03-31 16:00:00-04:00,39.8,40.4,39.65,40.4,478662,0.0,0.0,0.0,0.0,0.0
2017-04-03 16:00:00-04:00,40.55,40.85,39.85,40.1,237363,0.0,0.0,0.0,0.0,0.0
2017-04-04 16:00:00-04:00,40.0,40.275,39.55,39.9,213040,0.0,0.0,0.0,0.0,0.0
2017-04-05 16:00:00-04:00,40.2,40.7,39.85,39.9,268317,0.0,0.0,0.0,0.0,0.0
2017-04-06 16:00:00-04:00,39.75,40.5,39.75,40.4,234080,0.0,0.0,0.0,0.0,0.0
2017-04-07 16:00:00-04:00,40.25,40.6,40.0,40.1,228025,0.0,0.0,0.0,0.0,0.0
2017-04-10 16:00:00-04:00,40.2,40.65,40.05,40.25,134437,0.0,0.0,0.0,0.0,0.0
2017-04-11 16:00:00-04:00,40.25,40.7,40.2,40.6,145120,0.0,0.0,0.0,0.0,0.0
2017-04-12 16:00:00-04:00,40.45,41.4,40.1275,41.3,619246,0.0,0.0,0.0,0.0,0.0
2017-04-13 16:00:00-04:00,41.2,41.35,40.75,41.25,356377,0.0,0.0,0.0,0.0,0.0
2017-04-17 16:00:00-04:00,41.45,41.625,41.15,41.45,306305,0.0,0.0,0.0,0.0,0.0
2017-04-18 16:00:00-04:00,41.45,41.65,41.0,41.6,585465,0.0,0.0,0.0,0.0,0.0
2017-04-19 16:00:00-04:00,41.45,41.85,40.95,41.25,386105,0.0,0.0,0.0,0.0,0.0
2017-04-20 16:00:00-04:00,42.9,42.9,42.11,42.65,587530,0.0,0.0,0.0,0.0,0.0
2017-04-21 16:00:00-04:00,42.7,42.825,42.25,42.55,278183,0.0,0.0,0.0,0.0,0.0
2017-04-24 16:00:00-04:00,43.1,43.3,42.6,43.0,280457,0.0,0.0,0.0,0.0,0.0
2017-04-25 16:00:00-04:00,43.4,43.5,42.95,43.1,296960,0.0,0.0,0.0,0.0,0.0
2017-04-26 16:00:00-04:00,43.1,43.6,43.1,43.3,400826,0.0,0.0,0.0,0.0,0.0
2017-04-27 16:00:00-04:00,43.3,43.55,42.3,42.55,606916,0.0,0.0,0.0,0.0,0.0
2017-04-28 16:00:00-04:00,46.35,47.55,44.75,45.1,883874,0.0,0.0,0.0,0.0,0.0
2017-05-01 16:00:00-04:00,45.2,45.7,43.605,45.55,510814,0.0,0.0,0.0,0.0,0.0
2017-05-02 16:00:00-04:00,45.6,46.65,43.65,46.5,459530,0.0,0.0,0.0,0.0,0.0
2017-05-03 16:00:00-04:00,46.25,46.625,46.05,46.35,322225,0.0,0.0,0.0,0.0,0.0
2017-05-04 16:00:00-04:00,46.35,46.5,44.4,45.9,450609,0.0,0.0,0.0,0.0,0.0
2017-05-05 16:00:00-04:00,46.0,46.4,45.775,46.1,249297,0.0,0.0,0.0,0.0,0.0
2017-05-08 16:00:00-04:00,46.1,46.35,45.625,45.7,163328,0.0,0.0,0.0,0.0,0.0
2017-05-09 16:00:00-04:00,45.7,46.0,45.5,45.7,225817,0.0,0.0,0.0,0.0,0.0
2017-05-10 16:00:00-04:00,45.55,45.85,45.3,45.75,211313,0.0,0.0,0.0,0.0,0.0
2017-05-11 16:00:00-04:00,45.55,45.8,44.85,45.4,400022,0.0,0.0,0.0,0.0,0.0
2017-05-12 16:00:00-04:00,45.3,45.3,44.5,44.55,269696,0.0,0.0,0.0,0.0,0.0
2017-05-15 16:00:00-04:00,44.55,44.65,43.75,43.85,603821,0.0,0.0,0.0,0.0,0.0
2017-05-16 16:00:00-04:00,43.8,44.9,43.65,44.35,347701,0.0,0.0,0.0,0.0,0.0
2017-05-17 16:00:00-04:00,44.15,44.7,43.55,43.95,536806,0.0,0.0,0.0,0.0,0.0
2017-05-18 16:00:00-04:00,44.1,45.1,44.1,44.95,482281,0.0,0.0,0.0,0.0,0.0
2017-05-19 16:00:00-04:00,45.1,46.75,44.875,46.75,749268,0.0,0.0,0.0,0.0,0.0
2017-05-22 16:00:00-04:00,46.55,46.625,45.8,46.05,430655,0.0,0.0,0.0,0.0,0.0
2017-05-23 16:00:00-04:00,46.25,46.45,45.225,45.5,365721,0.0,0.0,0.0,0.0,0.0
2017-05-24 16:00:00-04:00,45.5,45.85,45.3,45.8,445403,0.0,0.0,0.0,0.0,0.0
2017-05-25 16:00:00-04:00,45.8,46.35,45.5,46.05,294467,0.0,0.0,0.0,0.0,0.0
2017-05-26 16:00:00-04:00,46.0,46.35,45.0,45.5,221064,0.0,0.0,0.0,0.0,0.0
2017-05-30 16:00:00-04:00,45.5,45.55,44.6,44.85,307994,0.0,0.0,0.0,0.0,0.0
2017-05-31 16:00:00-04:00,44.75,44.8,43.85,44.8,359407,0.0,0.0,0.0,0.0,0.0
2017-06-01 16:00:00-04:00,44.9,45.0,44.2,44.45,253062,0.0,0.0,0.0,0.0,0.0
2017-06-02 16:00:00-04:00,44.5,44.95,44.05,44.8,551995,0.0,0.0,0.0,0.0,0.0
2017-06-05 16:00:00-04:00,44.85,44.85,43.01,44.25,211449,0.0,0.0,0.0,0.0,0.0
2017-06-06 16:00:00-04:00,44.05,44.2,43.725,43.85,188817,0.0,0.0,0.0,0.0,0.0
2017-06-07 16:00:00-04:00,43.85,43.975,43.1,43.2,314119,0.0,0.0,0.0,0.0,0.0
2017-06-08 16:00:00-04:00,42.95,43.6,42.85,43.6,445726,0.0,0.0,0.0,0.0,0.0
2017-06-09 16:00:00-04:00,43.55,43.7,43.125,43.45,542606,0.0,0.0,0.0,0.0,0.0
2017-06-12 16:00:00-04:00,42.55,42.85,39.95,40.55,1141556,0.0,0.0,0.0,0.0,0.0
2017-06-13 16:00:00-04:00,40.5,40.825,39.0,40.2,1059567,0.0,0.0,0.0,0.0,0.0
2017-06-14 16:00:00-04:00,40.25,40.7,40.05,40.6,624192,0.0,0.0,0.0,0.0,0.0
2017-06-15 16:00:00-04:00,40.25,40.25,38.85,39.45,453966,0.0,0.0,0.0,0.0,0.0
2017-06-16 16:00:00-04:00,39.1,39.275,38.7,38.7,548962,0.0,0.0,0.0,0.0,0.0
2017-06-19 16:00:00-04:00,38.75,39.9,38.7,39.8,891729,0.0,0.0,0.0,0.0,0.0
2017-06-20 16:00:00-04:00,39.75,39.75,37.45,37.5,592949,0.0,0.0,0.0,0.0,0.0
2017-06-21 16:00:00-04:00,37.6,38.25,35.6,36.9,1309865,0.0,0.0,0.0,0.0,0.0
2017-06-22 16:00:00-04:00,37.0,38.0,36.66,37.65,728127,0.0,0.0,0.0,0.0,0.0
2017-06-23 16:00:00-04:00,37.6,37.75,36.625,37.0,608879,0.0,0.0,0.0,0.0,0.0
2017-06-26 16:00:00-04:00,37.05,37.425,36.7774,37.2,306961,0.0,0.0,0.0,0.0,0.0
2017-06-27 16:00:00-04:00,37.25,38.05,37.25,37.7,354880,0.0,0.0,0.0,0.0,0.0
2017-06-28 16:00:00-04:00,37.85,38.05,37.6,37.75,357655,0.0,0.0,0.0,0.0,0.0
2017-06-29 16:00:00-04:00,37.8,37.925,37.3,37.55,301714,0.0,0.0,0.0,0.0,0.0
2017-06-30 16:00:00-04:00,37.65,37.85,37.2,37.25,267373,0.0,0.0,0.0,0.0,0.0
2017-07-03 13:00:00-04:00,37.25,37.35,37.0,37.15,102938,0.0,0.0,0.0,0.0,0.0
2017-07-05 16:00:00-04:00,37.1,37.15,36.125,36.4,444461,0.0,0.0,0.0,0.0,0.0
2017-07-06 16:00:00-04:00,36.25,36.3,35.7,35.85,450846,0.0,0.0,0.0,0.0,0.0
2017-07-07 16:00:00-04:00,35.5,35.8,34.85,34.95,538532,0.0,0.0,0.0,0.0,0.0
2017-07-10 16:00:00-04:00,34.85,35.05,34.2,34.75,697154,0.0,0.0,0.0,0.0,0.0
2017-07-11 16:00:00-04:00,34.85,35.45,34.45,35.3,523725,0.0,0.0,0.0,0.0,0.0
2017-07-12 16:00:00-04:00,35.45,36.2,35.4,36.15,653924,0.0,0.0,0.0,0.0,0.0
2017-07-13 16:00:00-04:00,36.25,36.99,35.2,35.4,405641,0.0,0.0,0.0,0.0,0.0
2017-07-14 16:00:00-04:00,36.55,36.9,35.175,35.45,716874,0.0,0.0,0.0,0.0,0.0
2017-07-17 16:00:00-04:00,35.5,36.45,35.3,35.75,626778,0.0,0.0,0.0,0.0,0.0
2017-07-18 16:00:00-04:00,35.55,35.725,34.3,34.7,687637,0.0,0.0,0.0,0.0,0.0
2017-07-19 16:00:00-04:00,34.6,35.05,34.45,34.6,618218,0.0,0.0,0.0,0.0,0.0
2017-07-20 16:00:00-04:00,34.7,34.825,34.2,34.25,368310,0.0,0.0,0.0,0.0,0.0
2017-07-21 16:00:00-04:00,34.45,35.0,33.95,34.95,1202859,0.0,0.0,0.0,0.0,0.0
2017-07-24 16:00:00-04:00,34.9,36.5,34.65,36.25,1027956,0.0,0.0,0.0,0.0,0.0
2017-07-25 16:00:00-04:00,36.25,36.5,35.1,35.675,862477,0.0,0.0,0.0,0.0,0.0
2017-07-26 16:00:00-04:00,35.75,35.75,34.5,34.7,811008,0.0,0.0,0.0,0.0,0.0
2017-07-27 16:00:00-04:00,34.7,34.75,33.15,34.25,1492002,0.0,0.0,0.0,0.0,0.0
2017-07-28 16:00:00-04:00,32.5,35.45,30.4,34.975,2226320,0.0,0.0,0.0,0.0,0.0
2017-07-31 16:00:00-04:00,35.0,35.4,34.35,35.3,696955,0.0,0.0,0.0,0.0,0.0
2017-08-01 16:00:00-04:00,35.4,35.4,33.925,34.75,818957,0.0,0.0,0.0,0.0,0.0
2017-08-02 16:00:00-04:00,34.7,34.85,33.9,33.9,503462,0.0,0.0,0.0,0.0,0.0
2017-08-03 16:00:00-04:00,33.95,34.25,32.6,32.8,738866,0.0,0.0,0.0,0.0,0.0
2017-08-04 16:00:00-04:00,32.9,33.55,32.35,33.35,837461,0.0,0.0,0.0,0.0,0.0
2017-08-07 16:00:00-04:00,33.7,33.7,32.825,33.05,559194,0.0,0.0,0.0,0.0,0.0
2017-08-08 16:00:00-04:00,33.0,33.15,32.0,32.8,866998,0.0,0.0,0.0,0.0,0.0
2017-08-09 16:00:00-04:00,32.75,33.2,31.7,33.0,695213,0.0,0.0,0.0,0.0,0.0
2017-08-10 16:00:00-04:00,32.95,33.25,32.675,33.05,416650,0.0,0.0,0.0,0.0,0.0
2017-08-11 16:00:00-04:00,33.0,33.15,32.725,33.1,359086,0.0,0.0,0.0,0.0,0.0
2017-08-14 16:00:00-04:00,33.25,33.525,32.9,33.25,398401,0.0,0.0,0.0,0.0,0.0
2017-08-15 16:00:00-04:00,33.25,33.3,32.85,32.9,300691,0.0,0.0,0.0,0.0,0.0
2017-08-16 16:00:00-04:00,33.0,33.75,32.9,33.0,377347,0.0,0.0,0.0,0.0,0.0
2017-08-17 16:00:00-04:00,33.0,33.8,32.85,32.9,617203,0.0,0.0,0.0,0.0,0.0
2017-08-18 16:00:00-04:00,32.75,32.9,32.125,32.3,386300,0.0,0.0,0.0,0.0,0.0
2017-08-21 16:00:00-04:00,32.3,32.35,31.65,31.85,333890,0.0,0.0,0.0,0.0,0.0
2017-08-22 16:00:00-04:00,32.0,32.15,31.6,31.95,405528,0.0,0.0,0.0,0.0,0.0
2017-08-23 16:00:00-04:00,31.9,31.95,31.45,31.5,499548,0.0,0.0,0.0,0.0,0.0
2017-08-24 16:00:00-04:00,31.6,32.25,31.35,31.35,336869,0.0,0.0,0.0,0.0,0.0
2017-08-25 16:00:00-04:00,31.35,32.0,31.3,31.4,399701,0.0,0.0,0.0,0.0,0.0
2017-08-28 16:00:00-04:00,31.35,31.55,30.85,31.4,648376,0.0,0.0,0.0,0.0,0.0
2017-08-29 16:00:00-04:00,31.3,31.45,30.25,30.45,545084,0.0,0.0,0.0,0.0,0.0
2017-08-30 16:00:00-04:00,30.35,31.0,30.15,30.65,520129,0.0,0.0,0.0,0.0,0.0
2017-08-31 16:00:00-04:00,30.65,30.8,30.025,30.1,689992,0.0,0.0,0.0,0.0,0.0
2017-09-01 16:00:00-04:00,30.25,30.85,30.25,30.5,341431,0.0,0.0,0.0,0.0,0.0
2017-09-05 16:00:00-04:00,30.45,30.55,29.35,29.7,558746,0.0,0.0,0.0,0.0,0.0
2017-09-06 16:00:00-04:00,29.7,29.875,28.8,28.9,421384,0.0,0.0,0.0,0.0,0.0
2017-09-07 16:00:00-04:00,28.85,29.625,28.025,28.1,447359,0.0,0.0,0.0,0.0,0.0
2017-09-08 16:00:00-04:00,28.05,28.75,28.0,28.2,401775,0.0,0.0,0.0,0.0,0.0
2017-09-11 16:00:00-04:00,28.3,29.0,28.3,28.4,354642,0.0,0.0,0.0,0.0,0.0
2017-09-12 16:00:00-04:00,28.3,29.4,28.25,29.15,311125,0.0,0.0,0.0,0.0,0.0
2017-09-13 16:00:00-04:00,29.25,30.2,29.2,29.7,464703,0.0,0.0,0.0,0.0,0.0
2017-09-14 16:00:00-04:00,29.55,29.6,28.575,28.9,312468,0.0,0.0,0.0,0.0,0.0
2017-09-15 16:00:00-04:00,28.75,29.6,28.7,29.4,398409,0.0,0.0,0.0,0.0,0.0
2017-09-18 16:00:00-04:00,29.55,29.75,28.85,29.0,247163,0.0,0.0,0.0,0.0,0.0
2017-09-19 16:00:00-04:00,29.05,29.8,29.05,29.15,345691,0.0,0.0,0.0,0.0,0.0
2017-09-20 16:00:00-04:00,29.15,30.15,29.0,29.8,377934,0.0,0.0,0.0,0.0,0.0
2017-09-21 16:00:00-04:00,29.8,30.2,29.15,29.5,261000,0.0,0.0,0.0,0.0,0.0
2017-09-22 16:00:00-04:00,29.5,30.05,29.5,29.9,287923,0.0,0.0,0.0,0.0,0.0
2017-09-25 16:00:00-04:00,29.9,30.25,29.75,30.2,270442,0.0,0.0,0.0,0.0,0.0
2017-09-26 16:00:00-04:00,30.0,30.2,29.4,29.95,407010,0.0,0.0,0.0,0.0,0.0
2017-09-27 16:00:00-04:00,30.1,30.7,29.85,30.55,454333,0.0,0.0,0.0,0.0,0.0
2017-09-28 16:00:00-04:00,30.55,30.825,29.925,30.0,443538,0.0,0.0,0.0,0.0,0.0
2017-09-29 16:00:00-04:00,30.0,30.575,29.85,30.45,429582,0.0,0.0,0.0,0.0,0.0
2017-10-02 16:00:00-04:00,30.5,31.0,30.075,30.3,568618,0.0,0.0,0.0,0.0,0.0
2017-10-03 16:00:00-04:00,30.25,30.85,30.0,30.7,526620,0.0,0.0,0.0,0.0,0.0
2017-10-04 16:00:00-04:00,30.7,31.05,30.05,30.1,319968,0.0,0.0,0.0,0.0,0.0
2017-10-05 16:00:00-04:00,30.15,30.825,30.05,30.4,340133,0.0,0.0,0.0,0.0,0.0
2017-10-06 16:00:00-04:00,30.25,30.85,30.25,30.65,446813,0.0,0.0,0.0,0.0,0.0
2017-10-09 16:00:00-04:00,30.65,30.9,29.9,29.95,305076,0.0,0.0,0.0,0.0,0.0
2017-10-10 16:00:00-04:00,30.0,30.525,29.85,30.2,230995,0.0,0.0,0.0,0.0,0.0
2017-10-11 16:00:00-04:00,30.05,30.8,30.05,30.2,465093,0.0,0.0,0.0,0.0,0.0
2017-10-12 16:00:00-04:00,30.15,30.5,29.8,30.3,326497,0.0,0.0,0.0,0.0,0.0
2017-10-13 16:00:00-04:00,30.45,30.45,29.6,30.05,486491,0.0,0.0,0.0,0.0,0.0
2017-10-16 16:00:00-04:00,29.9,30.3,29.4,29.8,356842,0.0,0.0,0.0,0.0,0.0
2017-10-17 16:00:00-04:00,29.65,31.1,29.6,31.0,538134,0.0,0.0,0.0,0.0,0.0
2017-10-18 16:00:00-04:00,30.75,31.4,29.95,31.2,697542,0.0,0.0,0.0,0.0,0.0
2017-10-19 16:00:00-04:00,31.3,32.075,31.0,31.95,559515,0.0,0.0,0.0,0.0,0.0
2017-10-20 16:00:00-04:00,32.1,32.85,31.65,31.9,559840,0.0,0.0,0.0,0.0,0.0
2017-10-23 16:00:00-04:00,31.95,32.4,31.475,31.7,343755,0.0,0.0,0.0,0.0,0.0
2017-10-24 16:00:00-04:00,31.6,32.3,31.45,31.7,314319,0.0,0.0,0.0,0.0,0.0
2017-10-25 16:00:00-04:00,31.6,31.65,30.65,30.85,645575,0.0,0.0,0.0,0.0,0.0
2017-10-26 16:00:00-04:00,31.15,32.25,30.95,31.65,844145,0.0,0.0,0.0,0.0,0.0
2017-10-27 16:00:00-04:00,32.3,33.75,31.95,32.45,992745,0.0,0.0,0.0,0.0,0.0
2017-10-30 16:00:00-04:00,32.2,32.2,30.85,31.8,631692,0.0,0.0,0.0,0.0,0.0
2017-10-31 16:00:00-04:00,31.95,32.1,31.35,31.7,683013,0.0,0.0,0.0,0.0,0.0
2017-11-01 16:00:00-04:00,31.95,31.95,31.3,31.45,455225,0.0,0.0,0.0,0.0,0.0
2017-11-02 16:00:00-04:00,31.4,31.95,30.975,31.4,420493,0.0,0.0,0.0,0.0,0.0
2017-11-03 16:00:00-04:00,31.35,31.85,31.2,31.55,392535,0.0,0.0,0.0,0.0,0.0
2017-11-06 16:00:00-05:00,31.6,31.8,31.3,31.5,510308,0.0,0.0,0.0,0.0,0.0
2017-11-07 16:00:00-05:00,31.35,31.5168,30.1,30.1,468796,0.0,0.0,0.0,0.0,0.0
2017-11-08 16:00:00-05:00,30.0,30.8397,30.0,30.55,387390,0.0,0.0,0.0,0.0,0.0
2017-11-09 16:00:00-05:00,30.4,30.85,30.15,30.65,248992,0.0,0.0,0.0,0.0,0.0
2017-11-10 16:00:00-05:00,30.55,31.35,30.45,31.2,554061,0.0,0.0,0.0,0.0,0.0
2017-11-13 16:00:00-05:00,31.0,32.05,31.0,31.6,362513,0.0,0.0,0.0,0.0,0.0
2017-11-14 16:00:00-05:00,32.7,33.775,32.5,33.05,703087,0.0,0.0,0.0,0.0,0.0
2017-11-15 16:00:00-05:00,32.95,33.925,32.35,33.7,614580,0.0,0.0,0.0,0.0,0.0
2017-11-16 16:00:00-05:00,33.75,33.95,33.4,33.75,399840,0.0,0.0,0.0,0.0,0.0
2017-11-17 16:00:00-05:00,33.5,34.275,33.5,34.2,604770,0.0,0.0,0.0,0.0,0.0
2017-11-20 16:00:00-05:00,34.1,34.55,33.25,34.15,649124,0.0,0.0,0.0,0.0,0.0
2017-11-21 16:00:00-05:00,34.2,34.7,33.5,34.0,487315,0.0,0.0,0.0,0.0,0.0
2017-11-22 16:00:00-05:00,34.1,34.35,33.55,33.675,226645,0.0,0.0,0.0,0.0,0.0
2017-11-24 13:00:00-05:00,33.8,33.925,33.35,33.4,149888,0.0,0.0,0.0,0.0,0.0
2017-11-27 16:00:00-05:00,33.5,33.8,33.1,33.5,264691,0.0,0.0,0.0,0.0,0.0
2017-11-28 16:00:00-05:00,33.7,34.7,33.6,34.65,350839,0.0,0.0,0.0,0.0,0.0
2017-11-29 16:00:00-05:00,34.8,35.65,34.75,35.65,284524,0.0,0.0,0.0,0.0,0.0
2017-11-30 16:00:00-05:00,35.8,35.95,35.1,35.75,460054,0.0,0.0,0.0,0.0,0.0
2017-12-01 16:00:00-05:00,35.7,35.75,35.0,35.55,415170,0.0,0.0,0.0,0.0,0.0
2017-12-04 16:00:00-05:00,35.7,37.7,35.7,37.25,855760,0.0,0.0,0.0,0.0,0.0
2017-12-05 16:00:00-05:00,37.4,37.65,36.8,37.2,290604,0.0,0.0,0.0,0.0,0.0
2017-12-06 16:00:00-05:00,37.2,37.6,36.2,36.4,219109,0.0,0.0,0.0,0.0,0.0
2017-12-07 16:00:00-05:00,36.25,36.85,35.41,36.15,300440,0.0,0.0,0.0,0.0,0.0
2017-12-08 16:00:00-05:00,36.25,36.9,35.85,36.75,293337,0.0,0.0,0.0,0.0,0.0
