0.000000,-1234.000000,-1234.000000,-1234.000000,-1234.000000,-1234.000000,-1234.000000,-1234.000000,-1234.000000,-1234.000000
1.000000,0.467299,0.467185,0.463185,0.460271,0.476311,0.479579,0.476311,0.479579,0.479579
2.000000,0.472862,0.468733,0.464582,0.461531,0.484661,0.491160,0.484661,0.485794,0.485794
3.000000,0.476739,0.469885,0.465910,0.462682,0.492467,0.492467,0.479762,0.482120,0.482120
4.000000,0.480205,0.471319,0.467257,0.463505,0.482302,0.482302,0.478853,0.480850,0.480850
5.000000,0.481693,0.472681,0.468401,0.464312,0.480850,0.483028,0.480123,0.480123,0.480123
6.000000,0.482238,0.474768,0.469475,0.465251,0.480123,0.482665,0.480123,0.482302,0.482302
7.000000,0.480341,0.476602,0.470574,0.466009,0.481031,0.481757,0.475903,0.476311,0.476311
8.000000,-1234.000000,-1234.000000,-1234.000000,-1234.000000,-1234.000000,-1234.000000,-1234.000000,-1234.000000,-1234.000000
9.000000,0.479533,0.479906,0.471826,0.467123,0.478127,0.479397,0.477491,0.479397,-1234.000000
10.000000,0.479944,0.480916,0.472925,0.467960,0.479942,0.483119,0.479942,0.481764,0.481764
11.000000,0.480748,0.481576,0.474002,0.469096,0.481757,0.486295,0.481757,0.485518,0.485518
12.000000,0.482313,0.481218,0.474647,0.469929,0.485388,0.485388,0.479216,0.482574,0.482574
13.000000,0.483302,0.481789,0.475524,0.471014,0.483391,0.487257,0.483391,0.487257,0.487257
14.000000,0.484391,0.482232,0.476489,0.472071,0.487929,0.487929,0.484843,0.484843,0.484843
15.000000,0.484463,0.482454,0.477310,0.472918,0.485388,0.485388,0.482120,0.482120,0.482120
16.000000,0.483892,0.482495,0.478428,0.473660,0.484117,0.484117,0.481213,0.482665,0.482665
17.000000,0.483997,0.483249,0.479750,0.474648,0.480123,0.484843,0.480123,0.483100,0.483100
18.000000,0.483650,0.483476,0.480950,0.475023,0.486477,0.487203,0.483854,0.485524,0.485524
19.000000,0.483614,0.484003,0.482062,0.476025,0.495916,0.495916,0.483209,0.484661,0.484661
20.000000,0.484485,0.484474,0.482788,0.476907,0.481394,0.486656,0.481394,0.486477,0.486477
21.000000,0.486497,0.485194,0.483480,0.477861,0.491015,0.492721,0.491015,0.492721,0.492721
22.000000,0.487245,0.485621,0.483535,0.478431,0.488110,0.488110,0.486840,0.486840,0.486840
23.000000,0.488633,0.486142,0.484080,0.479185,0.503903,0.503903,0.490107,0.492467,0.492467
24.000000,0.489904,0.486759,0.484615,0.480030,0.488836,0.491205,0.488836,0.491015,0.491015
25.000000,0.491138,0.487812,0.485274,0.480931,0.491378,0.492648,0.489199,0.492648,0.492648
26.000000,0.491523,0.489010,0.485924,0.482077,0.492648,0.494645,0.492648,0.494645,0.494645
27.000000,0.492576,0.489910,0.486755,0.483254,0.494282,0.494282,0.492104,0.492104,0.492104
28.000000,0.493857,0.491245,0.487361,0.484500,0.493919,0.499002,0.493919,0.498875,0.498875
29.000000,0.495274,0.492589,0.488296,0.485692,0.498820,0.499365,0.497188,0.498099,0.498099
30.000000,0.496690,0.493914,0.489194,0.486625,0.497913,0.500454,0.497913,0.499726,0.499726
31.000000,0.497412,0.494468,0.489831,0.487269,0.496823,0.498276,0.496823,0.498257,0.498257
32.000000,0.499082,0.495829,0.490725,0.487774,0.498276,0.500454,0.497368,0.500454,0.500454
33.000000,0.499678,0.496767,0.491455,0.488455,0.500454,0.501852,0.500454,0.501852,0.501852
34.000000,0.498842,0.497058,0.491908,0.488905,0.495371,0.495734,0.493011,0.493919,0.493919
35.000000,0.498479,0.497584,0.492698,0.489519,0.493919,0.497913,0.493919,0.497913,0.497913
36.000000,0.496377,0.496895,0.492952,0.489707,0.500635,0.500635,0.487749,0.487749,0.487749
37.000000,0.494598,0.496840,0.493375,0.490233,0.489563,0.493374,0.489199,0.491559,0.491559
38.000000,0.493121,0.496399,0.493822,0.490374,0.489018,0.494464,0.489018,0.494464,0.494464
39.000000,0.493484,0.496163,0.494376,0.490918,0.493738,0.498094,0.493374,0.495734,0.495734
40.000000,0.492808,0.495644,0.494779,0.491344,0.495734,0.495734,0.488826,0.494536,0.494536
41.000000,0.495023,0.495700,0.495084,0.491787,0.495553,0.498820,0.495190,0.498820,0.498820
42.000000,0.497128,0.495863,0.495846,0.492438,0.504266,0.504266,0.500272,0.502087,0.502087
43.000000,0.498944,0.496032,0.496400,0.492980,0.499365,0.504084,0.499365,0.503540,0.503540
44.000000,0.500795,0.497139,0.497099,0.493652,0.503540,0.506079,0.503540,0.504992,0.504992
45.000000,0.503612,0.498210,0.497897,0.494535,0.508985,0.508985,0.506444,0.508622,0.508622
46.000000,0.505645,0.500334,0.498614,0.495413,0.518969,0.518969,0.507170,0.508985,0.508985
47.000000,0.506698,0.501913,0.499377,0.496221,0.514794,0.514794,0.505536,0.507352,0.507352
48.000000,0.508005,0.503474,0.499937,0.497040,0.507896,0.510074,0.507352,0.510074,0.510074
49.000000,0.509857,0.505326,0.500744,0.498026,0.509167,0.514249,0.509167,0.514249,0.514249
50.000000,0.511744,0.507678,0.501661,0.499079,0.522781,0.522781,0.514612,0.518061,0.518061
51.000000,0.512216,0.508931,0.502315,0.499699,0.514975,0.518606,0.510074,0.511345,0.511345
52.000000,0.513306,0.510002,0.502933,0.500565,0.515157,0.515157,0.510982,0.512797,0.512797
53.000000,0.514830,0.511418,0.503725,0.501406,0.515157,0.518424,0.514794,0.517698,0.517698
54.000000,0.514620,0.512238,0.504689,0.502145,0.517698,0.517698,0.511708,0.513198,0.513198
55.000000,0.513967,0.512856,0.505533,0.502883,0.514612,0.514794,0.513886,0.514794,0.514794
56.000000,0.514765,0.513491,0.506912,0.503573,0.516428,0.516789,0.512616,0.515339,0.515339
57.000000,0.515201,0.514253,0.508083,0.504336,0.516791,0.517335,0.513523,0.514975,0.514975
58.000000,0.514802,0.514816,0.509145,0.504896,0.514249,0.515702,0.514249,0.515702,0.515702
59.000000,0.516174,0.515397,0.510361,0.505628,0.514431,0.520058,0.514068,0.520058,0.520058
60.000000,0.514758,0.514362,0.511020,0.505895,0.517698,0.518606,0.505536,0.507715,0.507715
61.000000,0.512805,0.513785,0.511358,0.506139,0.511710,0.511710,0.505355,0.505573,0.505573
62.000000,0.509392,0.512296,0.511149,0.506054,0.506989,0.506989,0.497368,0.497913,0.497913
63.000000,0.506306,0.510554,0.510986,0.506001,0.499728,0.501724,0.499183,0.500272,0.500272
64.000000,0.502219,0.509196,0.510717,0.506191,0.497005,0.500272,0.497005,0.499622,0.499622
65.000000,0.501166,0.507962,0.510409,0.506343,0.501906,0.502451,0.500091,0.502451,0.502451
66.000000,0.500538,0.506671,0.510081,0.506832,0.505355,0.505536,0.501095,0.502432,0.502432
67.000000,0.502680,0.506036,0.510145,0.507401,0.502814,0.508622,0.502814,0.508622,0.508622
68.000000,0.504037,0.505171,0.509994,0.507821,0.508622,0.508622,0.506444,0.507056,0.507056
69.000000,0.504820,0.503520,0.509458,0.508081,0.504629,0.505173,0.503155,0.503540,0.503540
70.000000,0.501807,0.501486,0.507924,0.507842,0.501724,0.502451,0.485569,0.487384,0.487384
71.000000,0.500504,0.500521,0.507153,0.507746,0.492285,0.496460,0.491013,0.495916,0.495916
72.000000,0.496610,0.499645,0.505971,0.507314,0.491196,0.493374,0.485751,0.489154,0.489154
73.000000,0.492421,0.498229,0.504391,0.506734,0.490107,0.490107,0.484480,0.486114,0.486114
74.000000,0.490089,0.497455,0.503325,0.506296,0.488473,0.492104,0.488473,0.491879,0.491879
75.000000,0.491033,0.496420,0.502191,0.505746,0.491922,0.493284,0.486840,0.492104,0.492104
76.000000,0.491324,0.495914,0.501292,0.505359,0.502814,0.502814,0.495754,0.497368,0.497368
77.000000,0.493511,0.495060,0.500548,0.505117,0.499183,0.500091,0.497913,0.500091,0.500091
78.000000,0.496742,0.494582,0.499877,0.504856,0.508078,0.508078,0.502087,0.502269,0.502269
79.000000,0.497880,0.493985,0.498752,0.504300,0.497549,0.497568,0.497548,0.497568,0.497568
80.000000,0.499630,0.495331,0.498409,0.503727,0.490833,0.500853,0.490833,0.500853,0.500853
81.000000,0.500828,0.496076,0.498298,0.503460,0.499002,0.503676,0.499002,0.503358,0.503358
82.000000,0.499686,0.496598,0.498122,0.502847,0.513705,0.513705,0.494380,0.494380,0.494380
83.000000,0.498959,0.497851,0.498040,0.502211,0.502269,0.502269,0.493011,0.498637,0.498637
84.000000,0.500444,0.499162,0.498308,0.501938,0.501361,0.505881,0.501361,0.504992,0.504992
85.000000,0.502216,0.500923,0.498671,0.501768,0.513705,0.513705,0.507795,0.509711,0.509711
86.000000,0.505011,0.502919,0.499417,0.501835,0.517335,0.517335,0.512425,0.517335,0.517335
87.000000,0.509275,0.504480,0.499770,0.501859,0.525504,0.525504,0.514612,0.515702,0.515702
88.000000,0.512725,0.505842,0.500212,0.501865,0.515883,0.515883,0.515589,0.515883,0.515883
89.000000,0.514867,0.507655,0.500820,0.501720,0.501182,0.515883,0.501182,0.515703,0.515703
90.000000,0.516254,0.509235,0.502283,0.502018,0.513160,0.517579,0.512979,0.516645,0.516645
91.000000,0.517363,0.511187,0.503631,0.502594,0.515883,0.522881,0.515883,0.522881,0.522881
92.000000,0.519360,0.514317,0.505458,0.503520,0.520966,0.525685,0.520966,0.525685,0.525685
93.000000,0.521102,0.516913,0.507382,0.504331,0.523689,0.529134,0.523689,0.524596,0.524596
94.000000,0.523643,0.519255,0.509208,0.505291,0.527319,0.532583,0.527319,0.528408,0.528408
95.000000,0.527390,0.521822,0.511372,0.506388,0.529860,0.536395,0.529860,0.535378,0.535378
96.000000,0.529875,0.523619,0.513269,0.507484,0.534398,0.536758,0.533491,0.535306,0.535306
97.000000,0.530419,0.524889,0.514685,0.508143,0.542567,0.542567,0.528408,0.528408,0.528408
98.000000,0.530925,0.526014,0.515928,0.508812,0.539481,0.539481,0.523689,0.527127,0.527127
99.000000,0.531007,0.527325,0.517490,0.509655,0.523689,0.529134,0.522799,0.528816,0.528816
100.000000,0.531283,0.529336,0.519286,0.511301,0.534761,0.541839,0.534084,0.536758,0.536758
101.000000,0.530484,0.530180,0.520683,0.512481,0.533128,0.536575,0.530407,0.531312,0.531312
102.000000,0.532445,0.531432,0.522875,0.514116,0.532220,0.538934,0.532220,0.538210,0.538210
103.000000,0.533427,0.532176,0.524545,0.515647,0.535669,0.538210,0.531861,0.532038,0.532038
104.000000,0.533745,0.532376,0.525815,0.516931,0.534580,0.534580,0.527319,0.530405,0.530405
105.000000,0.532293,0.531788,0.526805,0.518177,0.537303,0.537303,0.529134,0.529497,0.529497
106.000000,0.530877,0.530681,0.527150,0.519073,0.531131,0.531131,0.521873,0.524233,0.524233
107.000000,0.528880,0.530662,0.527776,0.520011,0.523325,0.528590,0.522781,0.528227,0.528227
108.000000,0.528807,0.531117,0.528566,0.520991,0.532946,0.532946,0.528771,0.531675,0.531675
109.000000,0.530162,0.531953,0.529639,0.522311,0.536032,0.537484,0.534594,0.537176,0.537176
110.000000,0.530833,0.531563,0.530450,0.523378,0.535124,0.536395,0.530949,0.532855,0.532855
111.000000,0.530724,0.530801,0.530490,0.524056,0.536758,0.536758,0.520966,0.523689,0.523689
112.000000,0.531149,0.530015,0.530723,0.525255,0.525141,0.530350,0.524233,0.530350,0.530350
113.000000,0.529914,0.529361,0.530769,0.526150,0.530768,0.531621,0.522781,0.525502,0.525502
114.000000,0.527860,0.529011,0.530693,0.526880,0.528590,0.529134,0.526901,0.526901,0.526901
115.000000,0.528168,0.529501,0.530644,0.527703,0.528590,0.534759,0.527738,0.534398,0.534398
116.000000,0.529475,0.530100,0.530390,0.528133,0.536758,0.539799,0.529906,0.530223,0.530223
117.000000,0.529776,0.530463,0.530563,0.528672,0.531312,0.532583,0.527137,0.531857,0.531857
118.000000,0.531302,0.530608,0.530863,0.529246,0.535124,0.535124,0.526956,0.533128,0.533128
119.000000,0.532002,0.529931,0.530942,0.529736,0.526411,0.533491,0.526411,0.530405,0.530405
120.000000,0.532873,0.530521,0.531042,0.530473,0.534580,0.540570,0.532038,0.538755,0.538755
121.000000,0.535161,0.532318,0.531559,0.531099,0.542748,0.545653,0.539844,0.541659,0.541659
122.000000,0.538791,0.534284,0.532149,0.531910,0.545471,0.552550,0.544563,0.550009,0.550009
123.000000,0.542204,0.536753,0.533057,0.532763,0.553095,0.553276,0.545923,0.550191,0.550191
124.000000,0.547903,0.539953,0.534482,0.533780,0.550191,0.563440,0.550191,0.558904,0.558904
125.000000,0.552732,0.542803,0.536152,0.534697,0.564712,0.568706,0.551643,0.562897,0.562897
126.000000,0.557669,0.546415,0.538257,0.535732,0.563442,0.569069,0.561488,0.566346,0.566346
127.000000,0.563623,0.551207,0.540835,0.537444,0.573607,0.579829,0.571419,0.579779,0.579779
128.000000,0.569904,0.556054,0.543331,0.539260,0.588129,0.591759,0.580868,0.581594,0.581594
129.000000,0.574877,0.561390,0.545661,0.541091,0.586495,0.586495,0.575241,0.583772,0.583772
130.000000,0.578109,0.565420,0.547971,0.542501,0.582320,0.582912,0.578325,0.579052,0.579052
131.000000,0.579074,0.568371,0.550345,0.543830,0.581775,0.581775,0.569976,0.571171,0.571171
132.000000,0.579146,0.571384,0.552834,0.545228,0.573970,0.580140,0.573298,0.580140,0.580140
133.000000,0.579654,0.574779,0.555766,0.546964,0.585406,0.585406,0.579416,0.584135,0.584135
134.000000,0.578819,0.576848,0.558401,0.548604,0.587402,0.587402,0.577600,0.579597,0.579597
135.000000,0.579436,0.578772,0.560788,0.550359,0.582320,0.585406,0.581049,0.582138,0.582138
136.000000,0.583953,0.581513,0.563964,0.552676,0.584135,0.595571,0.584135,0.593756,0.593756
137.000000,0.587185,0.583165,0.567186,0.554945,0.597205,0.597205,0.594264,0.596297,0.596297
138.000000,0.590561,0.585107,0.570581,0.557256,0.599746,0.602830,0.597931,0.601017,0.601017
139.000000,0.595135,0.586977,0.574184,0.559433,0.603558,0.606099,0.597749,0.602469,0.602469
140.000000,0.599455,0.589446,0.577433,0.561796,0.604828,0.607370,0.603558,0.603739,0.603739
141.000000,0.601234,0.592594,0.580483,0.564428,0.603376,0.605192,0.600472,0.602650,0.602650
142.000000,0.602101,0.594643,0.583014,0.566770,0.604465,0.604465,0.598688,0.600632,0.600632
143.000000,0.600468,0.595514,0.585147,0.569015,0.602650,0.602650,0.592122,0.592848,0.592848
144.000000,0.598398,0.596767,0.586807,0.571189,0.597205,0.598457,0.591726,0.592122,0.592122
145.000000,0.596733,0.598094,0.588433,0.573223,0.596297,0.603013,0.595026,0.595415,0.595415
146.000000,0.597298,0.599266,0.590390,0.575732,0.601380,0.606281,0.601380,0.605475,0.605475
147.000000,0.597920,0.600011,0.591588,0.578128,0.605373,0.605373,0.599566,0.603739,0.603739
148.000000,0.600374,0.600421,0.592764,0.580527,0.605918,0.606642,0.600472,0.605119,0.605119
149.000000,0.602008,0.600203,0.593590,0.582857,0.606281,0.618397,0.599020,0.600290,0.600290
150.000000,0.602144,0.599439,0.594442,0.584768,0.600472,0.600472,0.592349,0.596097,0.596097
151.000000,0.600599,0.598949,0.595771,0.586638,0.598838,0.598867,0.595339,0.597749,0.597749
152.000000,0.598602,0.598261,0.596452,0.588096,0.601561,0.601924,0.593756,0.593756,0.593756
153.000000,0.596693,0.598533,0.597024,0.589609,0.597023,0.597023,0.591759,0.595571,0.595571
154.000000,0.595858,0.598933,0.597850,0.590849,0.598657,0.598657,0.590869,0.596115,0.596115
155.000000,0.595789,0.598966,0.598530,0.591944,0.598657,0.598657,0.595026,0.595752,0.595752
156.000000,0.594228,0.597413,0.598340,0.592731,0.597205,0.597205,0.587221,0.589944,0.589944
157.000000,0.593247,0.595925,0.597968,0.593034,0.594119,0.594754,0.588855,0.588855,0.588855
158.000000,0.591360,0.594026,0.597223,0.593185,0.592304,0.592304,0.585950,0.586132,0.586132
159.000000,0.591107,0.593482,0.596843,0.593554,0.588855,0.596660,0.581051,0.594852,0.594852
160.000000,0.590892,0.593341,0.596390,0.594075,0.595389,0.595638,0.589181,0.594680,0.594680
161.000000,0.592308,0.593268,0.596108,0.594937,0.595208,0.598294,0.592485,0.597023,0.597023
162.000000,0.593434,0.593341,0.595801,0.595415,0.601924,0.601924,0.590851,0.594482,0.594482
163.000000,0.594450,0.592905,0.595719,0.595651,0.592848,0.596840,0.590670,0.591214,0.591214
164.000000,0.589809,0.590458,0.594695,0.595386,0.583227,0.583227,0.570835,0.571646,0.571646
165.000000,0.585340,0.588116,0.593541,0.595059,0.569250,0.574041,0.568887,0.572336,0.572336
166.000000,0.580739,0.586524,0.591968,0.594401,0.573062,0.577762,0.572155,0.574015,0.574015
167.000000,0.575293,0.584363,0.590144,0.593433,0.578871,0.578871,0.566529,0.567254,0.567254
168.000000,0.570537,0.582494,0.588260,0.592314,0.578871,0.580650,0.564531,0.567435,0.567435
169.000000,0.569768,0.579788,0.586635,0.591158,0.569250,0.573423,0.567798,0.567798,0.567798
170.000000,0.569586,0.577463,0.585402,0.590081,0.571610,0.575199,0.570594,0.571429,0.571429
171.000000,0.569495,0.575117,0.584193,0.589111,0.575059,0.578145,0.566528,0.573561,0.573561
172.000000,0.571002,0.573148,0.583244,0.588250,0.574696,0.574848,0.569069,0.574787,0.574787
173.000000,0.573434,0.571986,0.582445,0.587808,0.579052,0.579597,0.566183,0.579597,0.579597
174.000000,0.575504,0.572636,0.581547,0.587342,0.582683,0.583227,0.577600,0.578145,0.578145
175.000000,0.576437,0.573011,0.580564,0.586698,0.581594,0.581594,0.576094,0.576094,0.576094
176.000000,0.577201,0.573348,0.579936,0.585762,0.579779,0.579779,0.576148,0.577382,0.577382
177.000000,0.578057,0.574529,0.579446,0.584939,0.585224,0.590670,0.577782,0.579067,0.579067
178.000000,0.579291,0.576363,0.579428,0.584294,0.580505,0.586675,0.577419,0.585769,0.585769
179.000000,0.579945,0.577724,0.578756,0.583665,0.586858,0.588673,0.581412,0.581412,0.581412
180.000000,0.579538,0.577987,0.577725,0.582930,0.581412,0.581412,0.568887,0.574061,0.574061
181.000000,0.580054,0.578627,0.576872,0.582337,0.577963,0.579960,0.572518,0.579960,0.579960
182.000000,0.579143,0.578600,0.575874,0.581696,0.575422,0.586840,0.570158,0.574514,0.574514
183.000000,0.578018,0.578655,0.575320,0.581182,0.583590,0.583590,0.573425,0.580142,0.580142
184.000000,0.577945,0.578945,0.575790,0.580680,0.574877,0.583954,0.574877,0.581049,0.581049
185.000000,0.578508,0.579023,0.576017,0.580050,0.586132,0.586132,0.574333,0.576874,0.576874
186.000000,0.579016,0.579535,0.576442,0.579802,0.582320,0.582501,0.577056,0.582501,0.582501
187.000000,0.580505,0.579824,0.577177,0.579572,0.586132,0.586132,0.575422,0.581957,0.581957
188.000000,0.582175,0.580096,0.578230,0.579651,0.588310,0.592122,0.584133,0.588493,0.588493
189.000000,0.582719,0.580332,0.579028,0.579282,0.594663,0.594663,0.581848,0.583770,0.583770
190.000000,0.583482,0.580995,0.579491,0.578815,0.578871,0.582864,0.577237,0.580686,0.580686
191.000000,0.583445,0.581231,0.579929,0.578325,0.581412,0.584861,0.580844,0.582320,0.582320
192.000000,0.582342,0.581423,0.580012,0.577724,0.580142,0.580142,0.574333,0.576439,0.576439
193.000000,0.579437,0.580806,0.579730,0.577149,0.576874,0.576874,0.571793,0.573970,0.573970
194.000000,0.577041,0.579880,0.579413,0.577154,0.574151,0.575059,0.571792,0.571792,0.571792
195.000000,0.578341,0.580911,0.579967,0.577649,0.581412,0.587185,0.581412,0.587185,0.587185
196.000000,0.581608,0.582527,0.581031,0.578470,0.588673,0.598657,0.579234,0.598657,0.598657
197.000000,0.586488,0.584415,0.582119,0.579589,0.598657,0.602830,0.595934,0.600835,0.600835
198.000000,0.591279,0.585358,0.582727,0.580606,0.598112,0.602441,0.595977,0.597929,0.597929
199.000000,0.597742,0.587391,0.583862,0.581816,0.601416,0.606126,0.601416,0.604102,0.604102
200.000000,0.601779,0.590060,0.585527,0.583014,0.601924,0.607370,0.601924,0.607370,0.607370
201.000000,0.604156,0.592882,0.587057,0.584247,0.613905,0.613905,0.607188,0.610546,0.610546
202.000000,0.606606,0.596547,0.588985,0.585523,0.610456,0.614086,0.610456,0.613084,0.613084
203.000000,0.609148,0.600214,0.590510,0.586558,0.612452,0.613905,0.610637,0.610637,0.610637
204.000000,0.611163,0.604452,0.592166,0.587759,0.610835,0.614810,0.607733,0.614177,0.614177
205.000000,0.612562,0.607170,0.594041,0.589035,0.614449,0.616669,0.612452,0.614367,0.614367
206.000000,0.613633,0.608895,0.595711,0.590319,0.618806,0.618806,0.614086,0.615901,0.615901
207.000000,0.615067,0.610836,0.597626,0.591692,0.622981,0.622981,0.617353,0.620250,0.620250
208.000000,0.616918,0.613033,0.599196,0.592829,0.632783,0.635097,0.614449,0.619895,0.619895
209.000000,0.617829,0.614496,0.600944,0.594073,0.616990,0.620437,0.615538,0.618733,0.618733
210.000000,0.617178,0.614870,0.602465,0.595308,0.620258,0.620258,0.611109,0.611109,0.611109
211.000000,0.615762,0.614698,0.603790,0.596270,0.605918,0.613541,0.604193,0.608822,0.608822
212.000000,0.613611,0.614339,0.605443,0.597436,0.616083,0.635324,0.605418,0.609495,0.609495
213.000000,0.611396,0.614157,0.607185,0.598392,0.616809,0.616809,0.604883,0.608822,0.608822
214.000000,0.610064,0.613947,0.609199,0.599426,0.616446,0.616446,0.610456,0.612071,0.612071
215.000000,0.608923,0.613050,0.610110,0.600377,0.611545,0.611545,0.605404,0.605404,0.605404
216.000000,0.612308,0.614035,0.611465,0.601819,0.605555,0.628608,0.605555,0.625747,0.625747
217.000000,0.614932,0.614272,0.612554,0.603174,0.625522,0.625522,0.620802,0.622618,0.622618
218.000000,0.616348,0.613872,0.613453,0.604088,0.619895,0.622618,0.615901,0.615901,0.615901
219.000000,0.618349,0.614206,0.614351,0.605365,0.614631,0.622073,0.613180,0.622073,0.622073
220.000000,0.622045,0.615484,0.615177,0.606805,0.634598,0.634598,0.621891,0.623888,0.623888
221.000000,0.621365,0.616836,0.615767,0.608139,0.621347,0.634961,0.619878,0.622345,0.622345
222.000000,0.621456,0.618194,0.616266,0.609693,0.621891,0.628978,0.621692,0.623071,0.623071
223.000000,0.622443,0.619396,0.616776,0.611256,0.623707,0.624024,0.620367,0.620839,0.620839
224.000000,0.622080,0.620214,0.617081,0.612871,0.650209,0.650209,0.619532,0.620258,0.620258
225.000000,0.623856,0.622950,0.618000,0.614390,0.625703,0.633218,0.625703,0.632765,0.632765
226.000000,0.626887,0.624126,0.619080,0.615685,0.633146,0.638953,0.631149,0.637502,0.637502
227.000000,0.630608,0.626032,0.620152,0.617047,0.642403,0.645852,0.641677,0.641677,0.641677
228.000000,0.635938,0.629190,0.621531,0.618699,0.642948,0.647486,0.641496,0.647486,0.647486
229.000000,0.642318,0.632199,0.623203,0.620300,0.646034,0.652160,0.645852,0.652160,0.652160
230.000000,0.646675,0.635265,0.625375,0.621873,0.652024,0.655092,0.651712,0.654547,0.654547
231.000000,0.647591,0.637239,0.627038,0.622924,0.654021,0.654021,0.642086,0.642086,0.642086
232.000000,0.646647,0.638628,0.628411,0.623720,0.651842,0.651842,0.632238,0.636956,0.636956
233.000000,0.644553,0.640245,0.629820,0.624599,0.641133,0.642004,0.631654,0.637016,0.637016
234.000000,0.641981,0.642149,0.631182,0.625437,0.637865,0.639317,0.633329,0.639299,0.639299
235.000000,0.641113,0.643894,0.633422,0.626632,0.650753,0.652930,0.647123,0.650209,0.650209
236.000000,0.641468,0.644530,0.634328,0.627564,0.656562,0.656562,0.643861,0.643861,0.643861
237.000000,0.641541,0.644094,0.635063,0.628133,0.647123,0.648030,0.637139,0.637323,0.637323
238.000000,0.640008,0.642280,0.635735,0.628448,0.639499,0.640768,0.629261,0.629348,0.629348
239.000000,0.639576,0.640778,0.636489,0.629061,0.637684,0.638590,0.631331,0.637139,0.637139
240.000000,0.636744,0.638929,0.637097,0.629893,0.644945,0.644945,0.631694,0.636050,0.636050
241.000000,0.636816,0.639142,0.638191,0.631072,0.609185,0.644219,0.609185,0.644219,0.644219
242.000000,0.637324,0.639433,0.639030,0.632085,0.652387,0.654563,0.635705,0.639862,0.639862
243.000000,0.640744,0.640376,0.640310,0.633339,0.639317,0.646448,0.616264,0.646448,0.646448
244.000000,0.642123,0.640850,0.641499,0.634404,0.651479,0.651479,0.643311,0.644037,0.644037
245.000000,0.645645,0.641194,0.642544,0.636013,0.650390,0.654021,0.646032,0.653658,0.653658
246.000000,0.649039,0.642927,0.643729,0.637194,0.656880,0.661643,0.655654,0.661191,0.661191
247.000000,0.653904,0.645614,0.644854,0.638580,0.663787,0.665275,0.663278,0.664186,0.664186
248.000000,0.657379,0.649061,0.645671,0.640177,0.674896,0.674896,0.661826,0.663823,0.663823
249.000000,0.660897,0.651510,0.646144,0.641496,0.667998,0.667998,0.657470,0.661626,0.661626
250.000000,0.661677,0.653661,0.646295,0.642618,0.661463,0.661463,0.655838,0.657560,0.657560
251.000000,0.660939,0.654989,0.647065,0.643790,0.669087,0.669087,0.655547,0.657499,0.657499
252.000000,0.657690,0.655797,0.647615,0.644619,0.657651,0.657651,0.646760,0.647940,0.647940
253.000000,0.653987,0.655683,0.648029,0.645435,0.653839,0.658377,0.644075,0.645308,0.645308
254.000000,0.650505,0.655701,0.648275,0.646233,0.654384,0.654384,0.641679,0.644219,0.644219
255.000000,0.648553,0.655115,0.648155,0.646734,0.645126,0.651116,0.641496,0.647798,0.647798
256.000000,0.646477,0.653708,0.648318,0.647055,0.646397,0.649299,0.643674,0.647123,0.647123
257.000000,0.646821,0.652255,0.648934,0.647321,0.655473,0.655473,0.648030,0.649657,0.649657
258.000000,0.647415,0.650701,0.649881,0.647347,0.650390,0.650390,0.645489,0.648277,0.648277
259.000000,0.647015,0.648760,0.650135,0.647016,0.653839,0.653839,0.638047,0.642222,0.642222
260.000000,0.646626,0.647589,0.650625,0.646726,0.644945,0.646578,0.639499,0.645852,0.645852
261.000000,0.647171,0.646824,0.650907,0.646985,0.647667,0.650463,0.647667,0.649846,0.649846
262.000000,0.645938,0.646379,0.651088,0.647203,0.649301,0.654565,0.640407,0.643492,0.643492
263.000000,0.645852,0.646634,0.651158,0.647564,0.641677,0.648210,0.641677,0.647849,0.647849
264.000000,0.649436,0.648226,0.651963,0.648259,0.648575,0.661645,0.648575,0.660142,0.660142
265.000000,0.653223,0.649924,0.652520,0.648745,0.659285,0.667633,0.659285,0.664785,0.664785
266.000000,0.654602,0.650887,0.652297,0.649174,0.662371,0.662371,0.652569,0.656744,0.656744
267.000000,0.655388,0.650663,0.651459,0.649511,0.657107,0.657107,0.644064,0.647419,0.647419
268.000000,0.653790,0.649821,0.650261,0.649861,0.653113,0.682156,0.639862,0.639862,0.639862
269.000000,0.649348,0.649392,0.649076,0.649887,0.638047,0.642095,0.636909,0.637929,0.637929
270.000000,0.641822,0.647522,0.647556,0.649591,0.635324,0.637593,0.625703,0.627156,0.627156
271.000000,0.637828,0.646215,0.646520,0.649343,0.633327,0.639136,0.623707,0.636776,0.636776
272.000000,0.633908,0.644648,0.645514,0.648941,0.638773,0.638773,0.627148,0.627818,0.627818
273.000000,0.626139,0.639965,0.643299,0.647427,0.626248,0.626611,0.600835,0.601017,0.601017
274.000000,0.620572,0.634960,0.641593,0.646295,0.603921,0.615814,0.603921,0.610093,0.610093
275.000000,0.616869,0.629345,0.639635,0.644795,0.611000,0.612543,0.606101,0.608640,0.608640
276.000000,0.612367,0.625098,0.637992,0.643231,0.610637,0.615173,0.608550,0.614269,0.614269
277.000000,0.609548,0.621728,0.636195,0.641549,0.618624,0.618624,0.609512,0.613723,0.613723
278.000000,0.612634,0.619387,0.634604,0.639970,0.619713,0.619713,0.611000,0.616446,0.616446
279.000000,0.615502,0.618037,0.633714,0.638730,0.614268,0.626429,0.614268,0.624433,0.624433
280.000000,0.618542,0.617705,0.632614,0.637606,0.630060,0.632641,0.623569,0.623837,0.623837
281.000000,0.621300,0.616834,0.631525,0.636624,0.618989,0.628063,0.618989,0.628063,0.628063
282.000000,0.624495,0.617022,0.630835,0.636016,0.629697,0.632347,0.628281,0.629697,0.629697
283.000000,0.628576,0.620605,0.630285,0.635734,0.635324,0.638591,0.629730,0.636849,0.636849
284.000000,0.627617,0.621560,0.628260,0.634915,0.635506,0.635506,0.617355,0.619641,0.619641
285.000000,0.627044,0.622793,0.626069,0.634021,0.620984,0.622254,0.617172,0.620969,0.620969
286.000000,0.626374,0.623837,0.624468,0.633274,0.624433,0.625703,0.622981,0.624716,0.624716
287.000000,0.627391,0.625943,0.623836,0.632778,0.626429,0.636593,0.626429,0.634779,0.634779
288.000000,0.625975,0.627275,0.623331,0.632161,0.635324,0.635324,0.629227,0.629769,0.629769
289.000000,0.629366,0.628492,0.623264,0.631973,0.632964,0.639971,0.631149,0.636595,0.636595
290.000000,0.633544,0.630294,0.623999,0.631840,0.639317,0.642222,0.636776,0.641859,0.641859
291.000000,0.638388,0.632381,0.624608,0.631810,0.645852,0.654384,0.645852,0.648938,0.648938
292.000000,0.639731,0.633561,0.625291,0.631744,0.640770,0.644173,0.638773,0.641496,0.641496
293.000000,0.646166,0.636070,0.628338,0.632213,0.646941,0.662189,0.646941,0.661942,0.661942
294.000000,0.650595,0.639980,0.630770,0.632167,0.663460,0.663460,0.657152,0.658740,0.658740
295.000000,0.655169,0.644357,0.633575,0.632165,0.658698,0.664730,0.658698,0.664730,0.664730
296.000000,0.658942,0.648665,0.636251,0.632533,0.667635,0.670721,0.667635,0.667804,0.667804
297.000000,0.664391,0.652061,0.639002,0.633244,0.671265,0.671265,0.666364,0.668738,0.668738
298.000000,0.665446,0.655806,0.641541,0.634156,0.668506,0.669813,0.664912,0.667217,0.667217
299.000000,0.666753,0.658674,0.643583,0.635068,0.662915,0.667272,0.662915,0.665275,0.665275
300.000000,0.666840,0.661005,0.645649,0.636335,0.681612,0.681612,0.661026,0.665166,0.665166
301.000000,0.666712,0.662827,0.647604,0.637347,0.670176,0.670176,0.663821,0.667163,0.667163
302.000000,0.667580,0.665985,0.649773,0.638856,0.675077,0.675077,0.670541,0.673079,0.673079
303.000000,0.669124,0.667285,0.651678,0.641320,0.677255,0.677255,0.671267,0.674939,0.674939
304.000000,0.671357,0.669055,0.654518,0.643532,0.677618,0.679150,0.671447,0.676439,0.676439
305.000000,0.675753,0.671297,0.657827,0.646149,0.671991,0.687223,0.671991,0.687148,0.687148
306.000000,0.678721,0.672716,0.660691,0.648406,0.690688,0.691051,0.682000,0.682000,0.682000
307.000000,0.679157,0.673368,0.662715,0.650458,0.684698,0.684698,0.673988,0.675259,0.675259
308.000000,0.679402,0.674263,0.665035,0.652448,0.679252,0.679887,0.673806,0.676166,0.676166
309.000000,0.677751,0.674554,0.666614,0.653906,0.681793,0.683064,0.666117,0.668179,0.668179
310.000000,0.671270,0.673512,0.667258,0.654937,0.664004,0.675257,0.653476,0.654747,0.654747
311.000000,0.666074,0.672397,0.667612,0.655869,0.656925,0.665820,0.655291,0.656017,0.656017
312.000000,0.664803,0.671980,0.668983,0.657176,0.661826,0.670537,0.660192,0.668905,0.668905
313.000000,0.665711,0.672557,0.669921,0.658637,0.673806,0.682106,0.667381,0.680704,0.680704
314.000000,0.668107,0.672929,0.670992,0.660655,0.685061,0.685061,0.677255,0.680160,0.680160
315.000000,0.673262,0.672266,0.671781,0.662640,0.683246,0.685605,0.675440,0.680523,0.680523
316.000000,0.674787,0.670430,0.671573,0.663937,0.679978,0.685061,0.662552,0.663641,0.663641
317.000000,0.672935,0.668869,0.671119,0.664766,0.661463,0.661826,0.653621,0.659648,0.659648
318.000000,0.668570,0.667140,0.670702,0.665736,0.661282,0.663986,0.657951,0.658876,0.658876
319.000000,0.664177,0.666142,0.670348,0.666457,0.664367,0.664367,0.655153,0.658196,0.658196
320.000000,0.655863,0.664563,0.669037,0.666360,0.658922,0.658922,0.637067,0.638954,0.638954
321.000000,0.649833,0.662310,0.667354,0.665845,0.633690,0.639644,0.626793,0.633489,0.633489
322.000000,0.644823,0.658879,0.665429,0.665615,0.636776,0.639134,0.630514,0.634598,0.634598
323.000000,0.640199,0.654384,0.663470,0.664742,0.636595,0.691051,0.627938,0.635758,0.635758
324.000000,0.636534,0.650355,0.661642,0.664113,0.637321,0.641133,0.636776,0.639871,0.639871
325.000000,0.638313,0.647088,0.659677,0.663550,0.639681,0.648030,0.638591,0.647849,0.647849
326.000000,0.640858,0.645345,0.657888,0.662831,0.650572,0.650572,0.643207,0.646215,0.646215
327.000000,0.643145,0.643984,0.656427,0.662074,0.644219,0.651298,0.642766,0.646034,0.646034
328.000000,0.645452,0.642826,0.654983,0.661410,0.646215,0.648575,0.644418,0.647292,0.647292
329.000000,0.644688,0.640611,0.653376,0.660436,0.654565,0.654565,0.634418,0.636050,0.636050
330.000000,0.640716,0.639515,0.652039,0.659196,0.633327,0.634416,0.626248,0.627991,0.627991
331.000000,0.636832,0.638845,0.650577,0.657851,0.626246,0.631149,0.619532,0.626793,0.626793
332.000000,0.631785,0.637465,0.648172,0.656108,0.625340,0.628245,0.620666,0.620801,0.620801
333.000000,0.627177,0.636314,0.645349,0.654418,0.620076,0.624249,0.614268,0.624249,0.624249
334.000000,0.623873,0.634280,0.642318,0.652521,0.623344,0.624796,0.613725,0.619530,0.619530
335.000000,0.623088,0.631902,0.639495,0.650419,0.624251,0.632585,0.622075,0.624070,0.624070
336.000000,0.621019,0.628925,0.637135,0.648234,0.628426,0.628426,0.615901,0.616446,0.616446
337.000000,0.618914,0.625349,0.634667,0.646068,0.618080,0.619530,0.609003,0.610274,0.610274
338.000000,0.617172,0.622174,0.632500,0.644047,0.612089,0.615538,0.605918,0.615538,0.615538
339.000000,0.615865,0.619869,0.630240,0.642207,0.613360,0.620056,0.612937,0.612997,0.612997
340.000000,0.614485,0.618787,0.629151,0.640955,0.611908,0.617172,0.605192,0.617172,0.617172
341.000000,0.617535,0.619277,0.629061,0.640144,0.621891,0.632601,0.621891,0.631694,0.631694
342.000000,0.620040,0.619477,0.628471,0.638607,0.631331,0.631331,0.621730,0.622799,0.622799
343.000000,0.618373,0.617772,0.627043,0.636157,0.620984,0.620984,0.606215,0.607203,0.607203
344.000000,0.616370,0.616118,0.625199,0.633584,0.598838,0.602984,0.593393,0.602984,0.602984
345.000000,0.613493,0.613989,0.622946,0.630993,0.602832,0.602832,0.597386,0.602786,0.602786
346.000000,0.609355,0.613445,0.621185,0.629239,0.601198,0.612997,0.601198,0.611000,0.611000
347.000000,0.606378,0.613209,0.619279,0.627514,0.611545,0.611545,0.601744,0.607914,0.607914
348.000000,0.606529,0.612451,0.617312,0.625817,0.608459,0.613905,0.605765,0.607960,0.607960
349.000000,0.608550,0.612460,0.616164,0.624313,0.607188,0.613903,0.607188,0.613088,0.613088
350.000000,0.611441,0.612467,0.615627,0.623590,0.613541,0.617519,0.612761,0.617245,0.617245
351.000000,0.613874,0.611614,0.615446,0.623245,0.617172,0.624999,0.617172,0.623162,0.623162
352.000000,0.616451,0.611414,0.615446,0.622786,0.622981,0.622981,0.617898,0.620802,0.620802
353.000000,0.618439,0.612484,0.615128,0.622190,0.618624,0.621528,0.616990,0.617898,0.617898
354.000000,0.619691,0.614121,0.615119,0.621506,0.619895,0.622581,0.618624,0.619350,0.619350
355.000000,0.621202,0.616321,0.615155,0.620738,0.618080,0.625840,0.613716,0.624796,0.624796
356.000000,0.621819,0.617846,0.615645,0.620072,0.620984,0.629425,0.620984,0.626248,0.626248
357.000000,0.622908,0.619680,0.616444,0.619413,0.627882,0.628606,0.624433,0.626248,0.626248
358.000000,0.627628,0.623033,0.617742,0.619219,0.627882,0.642024,0.625823,0.641496,0.641496
359.000000,0.633327,0.626509,0.619485,0.619613,0.644582,0.650207,0.644582,0.647849,0.647849
360.000000,0.639753,0.630477,0.621472,0.620577,0.648394,0.656925,0.648394,0.656925,0.656925
361.000000,0.645380,0.633599,0.622607,0.621497,0.654928,0.654928,0.651298,0.654382,0.654382
362.000000,0.649664,0.636286,0.623850,0.622392,0.652024,0.652024,0.645306,0.647667,0.647667
363.000000,0.650281,0.638954,0.625719,0.623070,0.643856,0.647108,0.642585,0.644582,0.644582
364.000000,0.649363,0.641345,0.627733,0.623861,0.647486,0.648394,0.643260,0.643260,0.643260
365.000000,0.646096,0.642924,0.629623,0.624412,0.642222,0.642403,0.636883,0.640588,0.640588
366.000000,0.645406,0.645393,0.631620,0.625561,0.639681,0.652932,0.639681,0.650935,0.650935
367.000000,0.646510,0.648087,0.633883,0.626992,0.649846,0.654928,0.646215,0.653188,0.653188
368.000000,0.647745,0.649013,0.636023,0.628166,0.654384,0.654384,0.647304,0.650753,0.650753
369.000000,0.650042,0.649703,0.638106,0.629557,0.651661,0.656048,0.650572,0.654747,0.654747
370.000000,0.651930,0.649013,0.639745,0.630653,0.653839,0.653839,0.649846,0.650027,0.650027
371.000000,0.650804,0.648105,0.640852,0.631106,0.648394,0.654289,0.645306,0.645306,0.645306
372.000000,0.649845,0.648178,0.642232,0.631959,0.641314,0.648394,0.639682,0.648394,0.648394
373.000000,0.649516,0.648630,0.643792,0.633356,0.648575,0.649483,0.642244,0.649107,0.649107
374.000000,0.648187,0.649115,0.645230,0.634860,0.648394,0.652022,0.648101,0.648101,0.648101
375.000000,0.648419,0.650175,0.646550,0.636474,0.651661,0.652385,0.645308,0.651189,0.651189
376.000000,0.651450,0.651127,0.648260,0.638122,0.650935,0.667635,0.650935,0.660461,0.660461
377.000000,0.652497,0.651171,0.649629,0.639646,0.662189,0.662189,0.653629,0.653629,0.653629
378.000000,0.655767,0.652642,0.650827,0.641563,0.657470,0.665457,0.657470,0.665457,0.665457
379.000000,0.657169,0.652678,0.651190,0.642963,0.663460,0.663460,0.655110,0.655110,0.655110
380.000000,0.656211,0.652315,0.650664,0.643935,0.654928,0.654928,0.646215,0.646397,0.646397
381.000000,0.653616,0.652533,0.650319,0.644746,0.650572,0.650753,0.647304,0.647486,0.647486
382.000000,0.651080,0.651789,0.649983,0.645417,0.640225,0.645112,0.635324,0.640951,0.640951
383.000000,0.646050,0.650909,0.649769,0.646164,0.641496,0.641496,0.637335,0.640305,0.640305
384.000000,0.643000,0.650085,0.649600,0.646848,0.643674,0.643674,0.639804,0.639862,0.639862
385.000000,0.642238,0.649224,0.649699,0.647441,0.641496,0.643856,0.638954,0.642585,0.642585
386.000000,0.639843,0.646729,0.648928,0.647750,0.645489,0.645489,0.635511,0.635511,0.635511
387.000000,0.636322,0.643701,0.647436,0.647653,0.631512,0.634235,0.621710,0.623347,0.623347
388.000000,0.634164,0.640107,0.646374,0.647254,0.620984,0.633325,0.620984,0.629515,0.629515
389.000000,0.631711,0.637356,0.645017,0.646579,0.625703,0.627598,0.623888,0.627598,0.627598
390.000000,0.628176,0.635207,0.643761,0.645512,0.629152,0.632599,0.624907,0.624907,0.624907
391.000000,0.626105,0.632974,0.642753,0.644537,0.628245,0.628245,0.622254,0.625159,0.625159
392.000000,0.627663,0.631993,0.641891,0.643986,0.627882,0.632964,0.627882,0.631136,0.631136
393.000000,0.627590,0.630877,0.640893,0.643472,0.627337,0.630263,0.627337,0.629152,0.629152
394.000000,0.626667,0.629189,0.639637,0.642796,0.629697,0.629697,0.621487,0.622981,0.622981
395.000000,0.627006,0.627591,0.638408,0.642330,0.622799,0.628243,0.622799,0.626604,0.626604
396.000000,0.627468,0.626787,0.636758,0.641548,0.625159,0.631494,0.625159,0.627468,0.627468
397.000000,0.625292,0.626478,0.635089,0.640450,0.625885,0.626738,0.620258,0.620258,0.620258
398.000000,0.621952,0.624771,0.632439,0.639173,0.619713,0.620712,0.610456,0.612452,0.612452
399.000000,0.619792,0.623230,0.630293,0.637754,0.616264,0.616264,0.609112,0.612180,0.612180
400.000000,0.616889,0.621948,0.628577,0.636490,0.611182,0.617535,0.609368,0.612089,0.612089
401.000000,0.614903,0.621186,0.627080,0.635564,0.611908,0.619071,0.611908,0.617535,0.617535
402.000000,0.613262,0.619277,0.625635,0.634353,0.617172,0.617172,0.610274,0.612055,0.612055
403.000000,0.614025,0.617989,0.624433,0.633258,0.613178,0.616446,0.612997,0.616264,0.616264
404.000000,0.615531,0.617662,0.623425,0.632312,0.619169,0.622721,0.618791,0.619713,0.619713
405.000000,0.615976,0.616433,0.622012,0.631083,0.619532,0.619532,0.614311,0.614311,0.614311
406.000000,0.616811,0.615857,0.621322,0.629791,0.617353,0.621710,0.617353,0.621710,0.621710
407.000000,0.618233,0.615748,0.621113,0.628642,0.619532,0.623888,0.618987,0.619169,0.619169
408.000000,0.618415,0.616220,0.620496,0.627033,0.621891,0.624794,0.612273,0.617172,0.617172
409.000000,0.619540,0.617536,0.620383,0.626040,0.619713,0.626793,0.619713,0.625340,0.625340
410.000000,0.621783,0.618879,0.620414,0.625345,0.626248,0.628063,0.625353,0.625522,0.625522
411.000000,0.622436,0.619623,0.620404,0.624594,0.628063,0.628063,0.619897,0.624977,0.624977
412.000000,0.625062,0.621648,0.620463,0.624306,0.625340,0.633872,0.621347,0.632300,0.632300
413.000000,0.628184,0.623300,0.620644,0.624055,0.631694,0.635687,0.631694,0.632783,0.632783
414.000000,0.630145,0.624843,0.621252,0.623898,0.636413,0.636958,0.632601,0.635142,0.635142
415.000000,0.632915,0.627349,0.621891,0.623791,0.635687,0.639699,0.635687,0.639372,0.639372
416.000000,0.634766,0.628601,0.622229,0.623748,0.638475,0.638475,0.634235,0.634235,0.634235
417.000000,0.634645,0.629854,0.622801,0.624026,0.634598,0.634598,0.631069,0.631694,0.631694
418.000000,0.634754,0.631469,0.623845,0.624154,0.631875,0.633327,0.629288,0.633327,0.633327
419.000000,0.636025,0.633085,0.625310,0.624617,0.635869,0.642040,0.635869,0.641496,0.641496
420.000000,0.635470,0.634192,0.626536,0.625006,0.641677,0.642765,0.636596,0.636596,0.636596
421.000000,0.635879,0.635323,0.627473,0.625377,0.640951,0.642766,0.635687,0.636282,0.636282
422.000000,0.636750,0.635698,0.628673,0.625541,0.635506,0.636086,0.631055,0.636050,0.636050
423.000000,0.637706,0.636230,0.629765,0.625839,0.636595,0.638591,0.634291,0.638103,0.638103
424.000000,0.635827,0.635926,0.630384,0.626143,0.637321,0.637321,0.630060,0.632102,0.632102
425.000000,0.636625,0.636047,0.631698,0.626610,0.632057,0.640770,0.630969,0.640588,0.640588
426.000000,0.638321,0.637100,0.632851,0.627186,0.636050,0.645489,0.636050,0.644763,0.644763
427.000000,0.640028,0.638389,0.634121,0.627997,0.644582,0.647250,0.641314,0.644582,0.644582
428.000000,0.640343,0.639024,0.635247,0.628904,0.645852,0.645852,0.638228,0.639681,0.639681
429.000000,0.641014,0.638420,0.635752,0.629680,0.639862,0.640949,0.634235,0.635455,0.635455
430.000000,0.640360,0.638493,0.636342,0.630521,0.634598,0.642304,0.633509,0.637321,0.637321
431.000000,0.640471,0.639396,0.637360,0.631447,0.637502,0.649844,0.637502,0.645319,0.645319
432.000000,0.639709,0.639868,0.637783,0.632405,0.651661,0.652932,0.640407,0.640770,0.640770
433.000000,0.638547,0.639445,0.637837,0.632992,0.639862,0.639862,0.632783,0.633872,0.633872
434.000000,0.636549,0.638781,0.637354,0.633183,0.628063,0.631732,0.625023,0.625466,0.625466
435.000000,0.634371,0.637366,0.636706,0.633587,0.623344,0.627154,0.622296,0.626429,0.626429
436.000000,0.628940,0.634706,0.635903,0.633469,0.623707,0.623901,0.614631,0.618165,0.618165
437.000000,0.624366,0.632038,0.635213,0.633427,0.618624,0.619895,0.616918,0.617900,0.617900
438.000000,0.621124,0.629836,0.634430,0.633443,0.613541,0.619045,0.613541,0.617660,0.617660
439.000000,0.619048,0.627799,0.633110,0.633101,0.620258,0.620258,0.614994,0.615088,0.615088
440.000000,0.615600,0.624985,0.631739,0.632557,0.619713,0.619713,0.607188,0.609185,0.609185
441.000000,0.614457,0.621699,0.630547,0.632139,0.607007,0.615899,0.606854,0.612452,0.612452
442.000000,0.614260,0.619313,0.629591,0.631626,0.618987,0.621628,0.616916,0.616916,0.616916
443.000000,0.613291,0.617208,0.628326,0.630961,0.620076,0.620076,0.612634,0.612815,0.612815
444.000000,0.611167,0.615108,0.626945,0.629938,0.610456,0.610456,0.604465,0.604465,0.604465
445.000000,0.612365,0.613982,0.625674,0.629132,0.603921,0.615175,0.601017,0.615175,0.615175
446.000000,0.609896,0.612177,0.623441,0.627994,0.615720,0.615720,0.599746,0.600109,0.600109
447.000000,0.605881,0.610071,0.621054,0.626832,0.599201,0.603356,0.592122,0.596842,0.596842
448.000000,0.603667,0.608479,0.619157,0.625780,0.599383,0.607549,0.599383,0.601743,0.601743
449.000000,0.604166,0.607667,0.617733,0.624629,0.607188,0.612543,0.606963,0.606963,0.606963
450.000000,0.600645,0.606505,0.615745,0.623328,0.598294,0.601198,0.584518,0.597568,0.597568
451.000000,0.601843,0.605869,0.613784,0.622321,0.591759,0.606738,0.590851,0.606099,0.606099
452.000000,0.603295,0.604588,0.611951,0.621257,0.612089,0.612089,0.603565,0.604102,0.604102
453.000000,0.603440,0.603553,0.610381,0.620069,0.603739,0.606462,0.602469,0.602469,0.602469
454.000000,0.606099,0.605133,0.610120,0.619674,0.608640,0.620258,0.608640,0.620258,0.620258
455.000000,0.609548,0.605096,0.609539,0.618815,0.618443,0.623344,0.608731,0.614812,0.614812
456.000000,0.612162,0.607002,0.609589,0.617962,0.617353,0.624142,0.617353,0.619169,0.619169
457.000000,0.615247,0.609271,0.609671,0.617127,0.618443,0.619530,0.617535,0.619530,0.619530
458.000000,0.619241,0.611341,0.609910,0.616552,0.616990,0.623707,0.615270,0.622436,0.622436
459.000000,0.623234,0.614667,0.611167,0.616711,0.626611,0.640225,0.626248,0.640225,0.640225
460.000000,0.629769,0.619659,0.613082,0.617050,0.639499,0.649120,0.638047,0.647486,0.647486
461.000000,0.635429,0.623795,0.614832,0.617121,0.648575,0.651105,0.643244,0.647468,0.647468
462.000000,0.643489,0.629368,0.616978,0.617757,0.646760,0.659829,0.646760,0.659829,0.659829
463.000000,0.650641,0.634941,0.619247,0.618567,0.657833,0.663053,0.654749,0.658196,0.658196
464.000000,0.653658,0.638446,0.621789,0.619562,0.658740,0.658740,0.652205,0.655309,0.655309
465.000000,0.656417,0.643093,0.624095,0.620724,0.663278,0.663278,0.656562,0.661282,0.661282
466.000000,0.659869,0.647649,0.627326,0.622276,0.664186,0.664730,0.659314,0.664730,0.664730
467.000000,0.660813,0.652151,0.630711,0.623831,0.669450,0.669995,0.660013,0.664549,0.664549
468.000000,0.663100,0.656871,0.634106,0.625563,0.667998,0.669813,0.664367,0.669632,0.669632
469.000000,0.665638,0.659648,0.637157,0.627327,0.667272,0.669613,0.665983,0.667998,0.667998
470.000000,0.668833,0.662625,0.641142,0.629596,0.666183,0.677255,0.666183,0.677255,0.677255
471.000000,0.669849,0.664859,0.644327,0.631508,0.674170,0.674170,0.669270,0.669813,0.669813
472.000000,0.670103,0.665458,0.647413,0.633138,0.670721,0.670721,0.664186,0.665820,0.665820
473.000000,0.668292,0.665696,0.650318,0.634730,0.662371,0.665638,0.659121,0.660572,0.660572
474.000000,0.666549,0.666093,0.652270,0.636557,0.665638,0.665638,0.657125,0.659285,0.659285
475.000000,0.661829,0.665331,0.654212,0.637840,0.661282,0.661282,0.648394,0.653656,0.653656
476.000000,0.659251,0.664550,0.656100,0.639734,0.649664,0.656925,0.649664,0.656925,0.656925
477.000000,0.656275,0.663189,0.657670,0.641537,0.662371,0.662371,0.650753,0.650937,0.650937
478.000000,0.656380,0.662336,0.659603,0.643516,0.655654,0.661100,0.655093,0.661100,0.661100
479.000000,0.656852,0.661700,0.660674,0.645338,0.657651,0.661645,0.657651,0.661643,0.661643
480.000000,0.658631,0.660230,0.661427,0.647505,0.664186,0.664186,0.659105,0.662552,0.662552
481.000000,0.656635,0.657943,0.661401,0.648866,0.661100,0.661100,0.646941,0.646941,0.646941
482.000000,0.653766,0.655021,0.660239,0.649949,0.651479,0.651479,0.635870,0.636595,0.636595
483.000000,0.650608,0.653494,0.659595,0.651377,0.638228,0.646215,0.638228,0.645308,0.645308
484.000000,0.648648,0.652750,0.659422,0.652430,0.642222,0.652000,0.642222,0.651842,0.651842
485.000000,0.646239,0.652435,0.658883,0.653620,0.648938,0.650960,0.647667,0.650508,0.650508
486.000000,0.648839,0.652737,0.658643,0.654979,0.652024,0.664549,0.652024,0.659940,0.659940
487.000000,0.653043,0.653404,0.658297,0.656248,0.661463,0.666544,0.655854,0.657615,0.657615
488.000000,0.656637,0.653622,0.657979,0.657610,0.652205,0.664184,0.648757,0.663278,0.663278
489.000000,0.656102,0.652375,0.657038,0.657908,0.662189,0.662189,0.649170,0.649170,0.649170
490.000000,0.655643,0.650941,0.655586,0.657932,0.648938,0.654130,0.648212,0.648212,0.648212
491.000000,0.651604,0.650221,0.654082,0.657675,0.646397,0.647776,0.639319,0.639746,0.639746
492.000000,0.647691,0.650367,0.652694,0.656949,0.645126,0.645126,0.634235,0.638047,0.638047
493.000000,0.643370,0.650004,0.651749,0.656398,0.633146,0.645671,0.633146,0.641677,0.641677
494.000000,0.643433,0.649768,0.651259,0.656204,0.640407,0.650875,0.636958,0.649483,0.649483
495.000000,0.645612,0.650627,0.651531,0.656131,0.656380,0.663460,0.654928,0.659105,0.659105
496.000000,0.649773,0.650689,0.651713,0.655992,0.662371,0.662371,0.654930,0.660555,0.660555
497.000000,0.654675,0.651183,0.652294,0.655925,0.662008,0.662552,0.658379,0.662552,0.662552
498.000000,0.659140,0.651255,0.652439,0.655738,0.661300,0.666364,0.661300,0.664004,0.664004
499.000000,0.661935,0.652684,0.652530,0.655587,0.664367,0.664894,0.662008,0.663460,0.663460
500.000000,0.663572,0.654592,0.652766,0.655254,0.663460,0.667286,0.663460,0.667286,0.667286
501.000000,0.665792,0.657783,0.654002,0.655316,0.666727,0.674168,0.666727,0.671657,0.671657
502.000000,0.667571,0.661123,0.655745,0.655503,0.667816,0.673805,0.667816,0.671447,0.671447
503.000000,0.668188,0.663664,0.656834,0.655721,0.673806,0.673986,0.667090,0.667090,0.667090
504.000000,0.667135,0.664535,0.657151,0.655684,0.665166,0.665166,0.650572,0.658196,0.658196
505.000000,0.662312,0.662942,0.656785,0.655335,0.652205,0.652205,0.642403,0.643169,0.643169
506.000000,0.653811,0.659801,0.655245,0.654409,0.645852,0.645852,0.624796,0.629152,0.629152
507.000000,0.645642,0.656607,0.653895,0.653731,0.632783,0.632783,0.625159,0.630604,0.630604
508.000000,0.640415,0.654301,0.652778,0.653060,0.634053,0.642222,0.634053,0.640951,0.640951
509.000000,0.633952,0.650544,0.651614,0.651868,0.639499,0.639499,0.625885,0.625885,0.625885
510.000000,0.629360,0.645836,0.650214,0.650456,0.625703,0.632202,0.618261,0.620205,0.620205
511.000000,0.626818,0.640315,0.649049,0.649440,0.622618,0.630024,0.612454,0.616446,0.616446
512.000000,0.623175,0.634409,0.647766,0.648633,0.606281,0.613177,0.599927,0.612389,0.612389
513.000000,0.615696,0.628056,0.645860,0.647241,0.612634,0.615482,0.601018,0.603558,0.603558
514.000000,0.613482,0.623717,0.644126,0.646007,0.602287,0.614812,0.596115,0.614812,0.614812
515.000000,0.611278,0.620319,0.641630,0.644629,0.615357,0.615357,0.604828,0.609185,0.609185
516.000000,0.609463,0.618140,0.638971,0.642877,0.608096,0.613903,0.604828,0.607370,0.607370
517.000000,0.612888,0.618032,0.637319,0.641940,0.610274,0.630837,0.608001,0.629515,0.629515
518.000000,0.616762,0.616229,0.635265,0.640595,0.632783,0.632783,0.621893,0.622928,0.622928
519.000000,0.618984,0.616233,0.633388,0.639820,0.624614,0.628061,0.619154,0.625921,0.625921
520.000000,0.620872,0.616075,0.630955,0.638834,0.625340,0.625340,0.617898,0.618624,0.618624
521.000000,0.620218,0.614840,0.627578,0.637646,0.619895,0.619895,0.601380,0.604102,0.604102
522.000000,0.616660,0.614774,0.624591,0.636769,0.606281,0.611726,0.599929,0.611724,0.611724
523.000000,0.612408,0.614585,0.621320,0.635435,0.607914,0.609185,0.601443,0.601670,0.601670
524.000000,0.610441,0.614712,0.619215,0.634322,0.601924,0.616083,0.600655,0.616083,0.616083
525.000000,0.612437,0.616655,0.618487,0.633305,0.616627,0.629878,0.616627,0.628608,0.628608
526.000000,0.616830,0.618524,0.618332,0.632155,0.629915,0.631331,0.625703,0.626066,0.626066
527.000000,0.622095,0.619377,0.618704,0.631339,0.628245,0.638047,0.628245,0.638047,0.638047
528.000000,0.631229,0.621819,0.619024,0.630783,0.641314,0.651841,0.641314,0.647343,0.647343
529.000000,0.635840,0.623140,0.619687,0.629972,0.645671,0.646213,0.636776,0.639136,0.639136
530.000000,0.638127,0.625282,0.620679,0.629064,0.638228,0.640586,0.634235,0.640045,0.640045
531.000000,0.640165,0.628498,0.621669,0.627884,0.638228,0.639134,0.633146,0.636253,0.636253
532.000000,0.642296,0.632195,0.623485,0.627126,0.642040,0.648702,0.640367,0.648702,0.648702
533.000000,0.642752,0.636991,0.625788,0.626544,0.645671,0.652204,0.645308,0.649622,0.649622
534.000000,0.645112,0.640476,0.627594,0.626302,0.650935,0.653656,0.646397,0.650937,0.650937
535.000000,0.645729,0.641928,0.629291,0.626300,0.650572,0.650572,0.642585,0.643129,0.643129
536.000000,0.647292,0.643729,0.631126,0.626798,0.640770,0.644761,0.638773,0.644072,0.644072
537.000000,0.646831,0.644563,0.631970,0.627324,0.644219,0.646395,0.638713,0.646395,0.646395
538.000000,0.645278,0.644015,0.632917,0.627354,0.645671,0.645671,0.639501,0.641859,0.641859
539.000000,0.644791,0.644952,0.634046,0.628108,0.645852,0.653077,0.645852,0.648502,0.648502
540.000000,0.645410,0.645569,0.635426,0.628976,0.649120,0.649120,0.644765,0.646223,0.646223
541.000000,0.646239,0.646765,0.637632,0.630034,0.644582,0.648214,0.644582,0.648214,0.648214
542.000000,0.646239,0.646535,0.639365,0.631168,0.650209,0.650209,0.646397,0.646397,0.646397
543.000000,0.647836,0.646557,0.641774,0.632711,0.647123,0.653113,0.647123,0.649846,0.649846
544.000000,0.647996,0.646394,0.643435,0.633861,0.651298,0.651298,0.647123,0.649301,0.649301
545.000000,0.647751,0.646580,0.644254,0.635054,0.653658,0.653658,0.643856,0.644995,0.644995
546.000000,0.647605,0.646922,0.645325,0.636392,0.646941,0.647847,0.640407,0.647488,0.647488
547.000000,0.648502,0.647370,0.645967,0.637104,0.649846,0.656744,0.648940,0.650879,0.650879
548.000000,0.650059,0.648948,0.646481,0.638261,0.650572,0.659285,0.650572,0.657633,0.657633
549.000000,0.649446,0.648721,0.646836,0.638938,0.652932,0.652932,0.645333,0.646233,0.646233
550.000000,0.650359,0.649055,0.647312,0.639969,0.646034,0.649563,0.644583,0.649563,0.649563
551.000000,0.654316,0.650961,0.648863,0.642075,0.654928,0.667272,0.654928,0.667272,0.667272
552.000000,0.657014,0.652758,0.649646,0.643829,0.668542,0.668542,0.656656,0.664367,0.664367
553.000000,0.658796,0.654427,0.650492,0.645992,0.668905,0.668905,0.664369,0.666544,0.666544
554.000000,0.662909,0.656177,0.651286,0.647682,0.661407,0.666800,0.661282,0.666800,0.666800
555.000000,0.665638,0.657999,0.652290,0.648836,0.667635,0.669632,0.663099,0.663209,0.663209
556.000000,0.664694,0.659505,0.653214,0.650052,0.663097,0.663097,0.658196,0.662552,0.662552
557.000000,0.665726,0.661370,0.654370,0.651101,0.666001,0.671082,0.665273,0.669526,0.669526
558.000000,0.666173,0.662484,0.655716,0.651816,0.668905,0.670537,0.665671,0.668778,0.668778
559.000000,0.666156,0.664532,0.656627,0.652735,0.668724,0.668724,0.659014,0.666713,0.666713
560.000000,0.664245,0.664942,0.656998,0.653189,0.661282,0.663823,0.651842,0.653658,0.653658
561.000000,0.662935,0.663815,0.657388,0.653847,0.652932,0.657107,0.647123,0.655999,0.655999
562.000000,0.659906,0.662816,0.657787,0.654036,0.659466,0.659466,0.651663,0.654384,0.654384
563.000000,0.659569,0.662871,0.658649,0.654619,0.656199,0.667090,0.656199,0.667090,0.667090
564.000000,0.659099,0.662628,0.659402,0.655066,0.664367,0.664367,0.660013,0.664366,0.664366
565.000000,0.661241,0.662743,0.660371,0.655774,0.663097,0.664476,0.657107,0.664367,0.664367
566.000000,0.663386,0.663161,0.661333,0.656529,0.665275,0.668361,0.665275,0.666725,0.666725
567.000000,0.665202,0.662554,0.661962,0.657098,0.658150,0.667453,0.658150,0.663460,0.663460
568.000000,0.664549,0.662059,0.662272,0.657830,0.665820,0.667996,0.663296,0.663825,0.663825
569.000000,0.664483,0.661791,0.663162,0.658348,0.666001,0.666001,0.662371,0.664039,0.664039
570.000000,0.664229,0.662735,0.663839,0.658911,0.666727,0.666727,0.659655,0.663099,0.663099
571.000000,0.663903,0.663645,0.663730,0.659473,0.666546,0.666546,0.663641,0.665092,0.665092
572.000000,0.665355,0.665278,0.664047,0.660284,0.666183,0.671084,0.666183,0.670719,0.670719
573.000000,0.665935,0.665242,0.664056,0.660847,0.671447,0.671447,0.662552,0.666727,0.666727
574.000000,0.668469,0.666476,0.664552,0.661760,0.670358,0.677617,0.669996,0.676711,0.676711
575.000000,0.670724,0.667476,0.665110,0.662740,0.676711,0.677435,0.670902,0.674369,0.674369
576.000000,0.670325,0.667114,0.665137,0.663260,0.670902,0.672899,0.662552,0.663097,0.663097
577.000000,0.670144,0.667749,0.665152,0.663891,0.666001,0.669815,0.665275,0.669815,0.669815
578.000000,0.670978,0.668457,0.665258,0.664333,0.673262,0.673625,0.669450,0.670900,0.670900
579.000000,0.669890,0.669180,0.665485,0.665168,0.669450,0.674714,0.669450,0.671267,0.671267
580.000000,0.669559,0.670141,0.666438,0.665940,0.671084,0.674351,0.669268,0.672717,0.672717
581.000000,0.670648,0.670486,0.667066,0.665982,0.673625,0.673625,0.668435,0.668542,0.668542
582.000000,0.669268,0.669706,0.667492,0.665934,0.670721,0.671265,0.660557,0.662915,0.662915
583.000000,0.669559,0.670269,0.667755,0.666127,0.664095,0.674349,0.664095,0.672354,0.672354
584.000000,0.669817,0.669853,0.668165,0.666319,0.669995,0.677437,0.669995,0.672554,0.672554
585.000000,0.668256,0.668907,0.668192,0.666376,0.669995,0.672717,0.662752,0.664912,0.664912
586.000000,0.666345,0.668497,0.667805,0.666257,0.665820,0.665820,0.658813,0.658989,0.658989
587.000000,0.666708,0.667988,0.667869,0.666097,0.661463,0.667816,0.661463,0.664732,0.664732
588.000000,0.664494,0.667027,0.667742,0.665847,0.663460,0.667451,0.660374,0.661282,0.661282
589.000000,0.662891,0.666354,0.667767,0.665775,0.665820,0.665820,0.662443,0.664538,0.664538
590.000000,0.662855,0.665555,0.667848,0.666144,0.666909,0.667998,0.664732,0.664732,0.664732
591.000000,0.665274,0.665809,0.668148,0.666647,0.672173,0.672173,0.665640,0.671084,0.671084
592.000000,0.666798,0.666753,0.668230,0.667246,0.670358,0.674712,0.669450,0.672354,0.672354
593.000000,0.669811,0.667152,0.668711,0.667554,0.673080,0.676346,0.671374,0.676346,0.676346
594.000000,0.672161,0.667526,0.668689,0.667952,0.680523,0.680523,0.672717,0.676288,0.676288
595.000000,0.675389,0.669122,0.669015,0.668502,0.683064,0.683064,0.677981,0.680871,0.680871
596.000000,0.675612,0.670443,0.669470,0.668684,0.680523,0.680523,0.662026,0.672198,0.672198
597.000000,0.678117,0.672457,0.670223,0.669398,0.674533,0.685242,0.674533,0.684879,0.684879
598.000000,0.680404,0.675107,0.671067,0.670197,0.686150,0.689416,0.686150,0.687784,0.687784
599.000000,0.682413,0.677287,0.671820,0.670940,0.690325,0.690325,0.683536,0.686331,0.686331
600.000000,0.682997,0.679193,0.672374,0.671630,0.686331,0.686331,0.682701,0.683790,0.683790
601.000000,0.685170,0.680391,0.673100,0.672229,0.682701,0.686874,0.680162,0.683064,0.683064
602.000000,0.683282,0.680699,0.673726,0.672386,0.676711,0.677798,0.671628,0.675440,0.675440
603.000000,0.682701,0.681553,0.674352,0.672991,0.677800,0.685061,0.677800,0.684879,0.684879
604.000000,0.682289,0.682351,0.674938,0.673243,0.683972,0.684877,0.679980,0.684273,0.684273
605.000000,0.681814,0.682405,0.675763,0.673478,0.685424,0.685424,0.677255,0.681412,0.681412
606.000000,0.680797,0.682983,0.676713,0.673974,0.682701,0.684151,0.673661,0.677981,0.677981
607.000000,0.683120,0.683201,0.677829,0.674549,0.679252,0.687421,0.679252,0.687056,0.687056
608.000000,0.685516,0.684109,0.679608,0.675414,0.689417,0.697949,0.689417,0.696858,0.696858
609.000000,0.686334,0.684312,0.680799,0.675984,0.695023,0.695224,0.687457,0.688364,0.688364
610.000000,0.690152,0.685983,0.682588,0.676910,0.694137,0.702305,0.694137,0.700501,0.700501
611.000000,0.695307,0.688052,0.684221,0.678084,0.703394,0.704845,0.702487,0.703756,0.703756
612.000000,0.699845,0.691483,0.686091,0.679645,0.702737,0.711926,0.702737,0.709746,0.709746
613.000000,0.704429,0.694972,0.688262,0.681226,0.716827,0.722091,0.713015,0.719777,0.719777
614.000000,0.710266,0.698300,0.690326,0.682726,0.720457,0.720457,0.714286,0.717553,0.717553
615.000000,0.714004,0.702078,0.692242,0.684535,0.717009,0.719731,0.715264,0.719187,0.719187
616.000000,0.716908,0.706108,0.694546,0.686511,0.717009,0.720457,0.711381,0.718279,0.718279
617.000000,0.719730,0.709787,0.696494,0.688482,0.716101,0.724812,0.716101,0.723854,0.723854
618.000000,0.718225,0.711327,0.697718,0.690181,0.728444,0.728444,0.712107,0.712253,0.712253
619.000000,0.718842,0.714554,0.699433,0.692051,0.715556,0.722089,0.713741,0.720637,0.720637
620.000000,0.719278,0.716641,0.701312,0.693939,0.721002,0.722089,0.719085,0.721365,0.721365
621.000000,0.721311,0.719110,0.703581,0.695851,0.727174,0.729170,0.725380,0.728446,0.728446
622.000000,0.723826,0.721778,0.706630,0.697987,0.735161,0.736976,0.731530,0.736431,0.736431
623.000000,0.727428,0.722826,0.708899,0.699784,0.732438,0.734798,0.729664,0.730260,0.730260
624.000000,0.729933,0.724388,0.711344,0.701680,0.732982,0.735887,0.729717,0.733164,0.733164
625.000000,0.733019,0.726148,0.714113,0.703544,0.735705,0.737811,0.732801,0.736794,0.736794
626.000000,0.730623,0.725967,0.716037,0.705019,0.727718,0.731626,0.716464,0.716464,0.716464
627.000000,0.727682,0.725754,0.717771,0.706248,0.722999,0.725903,0.718083,0.721728,0.721728
628.000000,0.727022,0.727225,0.719276,0.707554,0.739699,0.739699,0.724723,0.726961,0.726961
629.000000,0.724154,0.727044,0.720799,0.708637,0.734072,0.734072,0.713741,0.718824,0.718824
630.000000,0.720197,0.726608,0.721624,0.709744,0.716101,0.717009,0.712832,0.717009,0.717009
631.000000,0.719035,0.724829,0.721969,0.710664,0.717009,0.717009,0.703213,0.710655,0.710655
632.000000,0.715550,0.721616,0.721697,0.711626,0.701942,0.705936,0.701216,0.704302,0.704302
633.000000,0.712979,0.720001,0.721414,0.712600,0.711200,0.716282,0.709748,0.714104,0.714104
634.000000,0.714068,0.719111,0.721749,0.713933,0.727355,0.727355,0.718098,0.724269,0.724269
635.000000,0.716500,0.718349,0.722249,0.715525,0.740969,0.740969,0.726297,0.729170,0.729170
636.000000,0.720603,0.719819,0.722893,0.717298,0.729533,0.731167,0.724796,0.731167,0.731167
637.000000,0.726375,0.720963,0.723358,0.718835,0.730804,0.735340,0.730804,0.733164,0.733164
638.000000,0.730477,0.721728,0.724477,0.720093,0.734979,0.739907,0.734162,0.734616,0.734616
639.000000,0.731530,0.722799,0.724921,0.721466,0.756217,0.756217,0.724342,0.729533,0.729533
640.000000,0.732111,0.724306,0.725457,0.722518,0.729715,0.732619,0.726992,0.732075,0.732075
641.000000,0.731421,0.726012,0.725420,0.723317,0.738428,0.738791,0.727078,0.727718,0.727718
642.000000,0.732402,0.729388,0.725502,0.724261,0.726085,0.738973,0.726085,0.738065,0.738065
643.000000,0.730804,0.730641,0.725321,0.724489,0.740788,0.740788,0.725179,0.726627,0.726627
644.000000,0.728834,0.730182,0.724647,0.724560,0.729352,0.729352,0.719365,0.719686,0.719686
645.000000,0.725385,0.728748,0.723548,0.724415,0.713197,0.716101,0.709750,0.714830,0.714830
646.000000,0.722808,0.727115,0.723467,0.724300,0.723362,0.723362,0.711018,0.714830,0.714830
647.000000,0.718088,0.725245,0.723104,0.723987,0.713378,0.716645,0.710292,0.714467,0.714467
648.000000,0.716528,0.723666,0.722697,0.724206,0.710111,0.718824,0.710111,0.718824,0.718824
649.000000,0.716573,0.722704,0.722751,0.724182,0.714467,0.721184,0.714467,0.719913,0.719913
650.000000,0.717480,0.721433,0.722869,0.724116,0.717916,0.720094,0.710111,0.719368,0.719368
651.000000,0.718787,0.720798,0.723405,0.723880,0.721910,0.727537,0.720457,0.721365,0.721365
652.000000,0.721157,0.719622,0.724505,0.723542,0.720639,0.732438,0.720639,0.726313,0.726313
653.000000,0.721738,0.719133,0.724887,0.723258,0.733345,0.733345,0.719913,0.721728,0.721728
654.000000,0.720830,0.718701,0.724442,0.722665,0.721910,0.727355,0.714649,0.715375,0.715375
655.000000,0.722064,0.719772,0.724260,0.722290,0.740606,0.740606,0.721728,0.725540,0.725540
656.000000,0.721421,0.720104,0.723609,0.722346,0.725359,0.725359,0.714082,0.718148,0.718148
657.000000,0.717563,0.719360,0.722302,0.721856,0.705482,0.707206,0.697043,0.707025,0.707025
658.000000,0.714659,0.718198,0.720932,0.721197,0.708296,0.710982,0.704665,0.707206,0.707206
659.000000,0.714832,0.717831,0.720267,0.721111,0.711200,0.716241,0.711200,0.716241,0.716241
660.000000,0.714070,0.718067,0.719750,0.721269,0.718461,0.725901,0.713376,0.721728,0.721728
661.000000,0.714241,0.717831,0.719314,0.721547,0.723180,0.723180,0.717009,0.719005,0.719005
662.000000,0.715004,0.716284,0.717953,0.721765,0.718098,0.718098,0.708964,0.710839,0.710839
663.000000,0.712227,0.713443,0.716288,0.721072,0.700853,0.702632,0.692322,0.693320,0.693320
664.000000,0.707080,0.710956,0.714829,0.719947,0.689780,0.694498,0.683972,0.690506,0.690506
665.000000,0.694700,0.704385,0.712079,0.717635,0.680886,0.691051,0.638954,0.659829,0.659829
666.000000,0.682524,0.698382,0.709243,0.715200,0.678889,0.678889,0.658123,0.658123,0.658123
667.000000,0.673989,0.694496,0.706928,0.713034,0.662008,0.668165,0.651479,0.668165,0.668165
668.000000,0.670631,0.691429,0.704813,0.711097,0.682883,0.683244,0.669815,0.676529,0.676529
669.000000,0.667763,0.687421,0.702626,0.709319,0.676529,0.681793,0.673625,0.676166,0.676166
670.000000,0.672591,0.683645,0.700856,0.707715,0.677800,0.683972,0.675440,0.683972,0.683972
671.000000,0.672606,0.677565,0.697698,0.705398,0.677981,0.677981,0.656744,0.658196,0.658196
672.000000,0.672250,0.673120,0.694702,0.703009,0.666546,0.669085,0.662191,0.666390,0.666390
673.000000,0.671980,0.671306,0.692374,0.701294,0.670539,0.675625,0.667874,0.675179,0.675179
674.000000,0.670906,0.669334,0.690145,0.699664,0.671810,0.671810,0.665275,0.670793,0.670793
675.000000,0.671501,0.672046,0.688215,0.698734,0.678708,0.687003,0.678163,0.686949,0.686949
676.000000,0.676184,0.674395,0.686389,0.697627,0.689054,0.690325,0.681612,0.681612,0.681612
677.000000,0.680511,0.676381,0.685438,0.696746,0.683246,0.691051,0.683246,0.688021,0.688021
678.000000,0.683032,0.677506,0.684467,0.695711,0.686331,0.691049,0.683745,0.687784,0.687784
679.000000,0.687314,0.679110,0.683266,0.694787,0.690869,0.693772,0.688136,0.692205,0.692205
680.000000,0.690346,0.680923,0.682284,0.694212,0.690506,0.702106,0.690506,0.702106,0.702106
681.000000,0.694593,0.685389,0.681477,0.693595,0.703031,0.703757,0.696636,0.702850,0.702850
682.000000,0.694582,0.687546,0.680333,0.692317,0.699401,0.709209,0.687965,0.687965,0.687965
683.000000,0.692113,0.687573,0.679439,0.690774,0.679071,0.680886,0.672899,0.675440,0.675440
684.000000,0.690793,0.689054,0.679194,0.689781,0.679252,0.690506,0.679252,0.685605,0.685605
685.000000,0.686658,0.688502,0.680274,0.688311,0.677981,0.683630,0.677618,0.681430,0.681430
686.000000,0.683137,0.688865,0.681630,0.687214,0.684879,0.686684,0.678163,0.685242,0.685242
687.000000,0.683173,0.688877,0.682629,0.686585,0.681249,0.690143,0.678891,0.688147,0.688147
688.000000,0.686477,0.689295,0.683401,0.686077,0.697223,0.699401,0.691959,0.691960,0.691960
689.000000,0.686296,0.688544,0.683827,0.685025,0.689236,0.690868,0.684298,0.684698,0.684698
690.000000,0.686881,0.686770,0.683847,0.683780,0.687784,0.687784,0.683066,0.684360,0.684360
691.000000,0.688733,0.685935,0.685662,0.682963,0.691414,0.695408,0.687784,0.694500,0.694500
692.000000,0.689677,0.686425,0.686986,0.682364,0.696678,0.697404,0.685495,0.692866,0.692866
693.000000,0.687861,0.687169,0.687371,0.682016,0.682156,0.682883,0.665233,0.682883,0.682883
694.000000,0.690112,0.688204,0.688629,0.682197,0.690869,0.697765,0.689454,0.695952,0.695952
695.000000,0.692176,0.689529,0.689015,0.683359,0.698493,0.698493,0.691233,0.694681,0.694681
696.000000,0.694863,0.691798,0.690331,0.685019,0.696860,0.707932,0.696860,0.707932,0.707932
697.000000,0.699074,0.694376,0.691627,0.686545,0.709385,0.713923,0.702155,0.713923,0.713923
698.000000,0.703903,0.695882,0.692589,0.687561,0.716464,0.717462,0.705155,0.707025,0.707025
699.000000,0.707388,0.698750,0.693647,0.688801,0.708477,0.715193,0.705210,0.713378,0.713378
700.000000,0.710111,0.701144,0.693957,0.689612,0.713378,0.715602,0.708116,0.708296,0.708296
701.000000,0.705754,0.700309,0.693122,0.690544,0.710474,0.710474,0.685787,0.686150,0.686150
702.000000,0.703467,0.701271,0.693848,0.691747,0.690869,0.702487,0.686152,0.702487,0.702487
703.000000,0.702414,0.703158,0.695164,0.692633,0.704847,0.705028,0.696987,0.701761,0.701761
704.000000,0.699691,0.703540,0.695872,0.693599,0.697404,0.706117,0.697404,0.699764,0.699764
705.000000,0.700091,0.705101,0.697315,0.694377,0.701035,0.710801,0.701035,0.710292,0.710292
706.000000,0.702342,0.704048,0.697923,0.694904,0.714104,0.714465,0.697404,0.697404,0.697404
707.000000,0.703757,0.703612,0.698994,0.695622,0.703031,0.714649,0.703031,0.709566,0.709566
708.000000,0.707751,0.705083,0.700482,0.696753,0.717372,0.723180,0.712380,0.721728,0.721728
709.000000,0.711599,0.705645,0.702198,0.697647,0.722454,0.722454,0.715834,0.719005,0.719005
710.000000,0.711781,0.705936,0.703540,0.697950,0.717009,0.721002,0.707796,0.711200,0.711200
711.000000,0.719477,0.710909,0.705609,0.699051,0.712652,0.739154,0.712652,0.735887,0.735887
712.000000,0.724415,0.714086,0.707678,0.700594,0.741514,0.742783,0.727201,0.734253,0.734253
713.000000,0.722868,0.715309,0.709234,0.701879,0.748049,0.748049,0.712924,0.713995,0.713995
714.000000,0.724828,0.718214,0.710877,0.703319,0.718824,0.730621,0.718824,0.728806,0.728806
715.000000,0.728604,0.720192,0.712646,0.704941,0.726448,0.732623,0.725903,0.730078,0.730078
716.000000,0.727914,0.723696,0.713872,0.706514,0.731167,0.734435,0.730260,0.732438,0.732438
717.000000,0.729693,0.727054,0.715333,0.708347,0.736068,0.745870,0.734979,0.743148,0.743148
718.000000,0.739299,0.731083,0.718083,0.710683,0.758940,0.780359,0.755673,0.762026,0.762026
719.000000,0.745157,0.734993,0.720319,0.713129,0.765838,0.793792,0.754032,0.758098,0.758098
720.000000,0.751474,0.740039,0.722987,0.715706,0.763296,0.794155,0.751868,0.761663,0.761663
721.000000,0.756121,0.742017,0.726463,0.717745,0.769831,0.769831,0.754039,0.755671,0.755671
722.000000,0.755649,0.742671,0.728378,0.719342,0.756036,0.758214,0.740604,0.740786,0.740786
723.000000,0.749985,0.744642,0.729976,0.721037,0.736068,0.741332,0.729897,0.733708,0.733708
724.000000,0.746487,0.745822,0.732018,0.722525,0.727718,0.740606,0.726811,0.740606,0.740606
725.000000,0.742711,0.747093,0.733642,0.724129,0.740969,0.749864,0.738065,0.742785,0.742785
726.000000,0.741877,0.748999,0.736347,0.725581,0.742603,0.751498,0.738791,0.751498,0.751498
727.000000,0.743656,0.749652,0.738353,0.726773,0.753676,0.755128,0.744237,0.749682,0.749682
728.000000,0.747577,0.748781,0.739932,0.728316,0.756217,0.771646,0.749864,0.753313,0.753313
729.000000,0.751062,0.748774,0.741884,0.729804,0.769287,0.769287,0.753678,0.758032,0.758032
730.000000,0.754656,0.748684,0.744361,0.731553,0.758577,0.762389,0.752224,0.760755,0.760755
731.000000,0.756580,0.749228,0.745623,0.734052,0.766019,0.766019,0.759123,0.761118,0.761118
732.000000,0.759121,0.751389,0.747030,0.736048,0.768197,0.768197,0.758964,0.762389,0.762389
733.000000,0.761263,0.754420,0.749531,0.738124,0.768742,0.768742,0.762026,0.764023,0.764023
734.000000,0.763042,0.757052,0.751437,0.740363,0.762570,0.769287,0.758214,0.766927,0.766927
735.000000,0.761808,0.758232,0.752662,0.741839,0.767653,0.767653,0.752405,0.754583,0.754583
736.000000,0.758432,0.757506,0.753252,0.743400,0.754765,0.760392,0.742260,0.744237,0.744237
737.000000,0.757125,0.758123,0.753888,0.744943,0.742785,0.756580,0.742603,0.755854,0.755854
738.000000,0.752333,0.756798,0.752789,0.745554,0.749864,0.754402,0.735161,0.740062,0.740062
739.000000,0.744527,0.753785,0.751280,0.745851,0.730804,0.736613,0.726266,0.727900,0.727900
740.000000,0.737085,0.749446,0.749065,0.746056,0.725722,0.729533,0.712109,0.717372,0.717372
741.000000,0.732075,0.745253,0.747241,0.745500,0.713015,0.724088,0.713015,0.719187,0.719187
742.000000,0.721474,0.739299,0.745344,0.744453,0.704121,0.710388,0.698254,0.702850,0.702850
743.000000,0.713923,0.733128,0.743774,0.744063,0.698856,0.705656,0.694320,0.702305,0.702305
744.000000,0.712107,0.728317,0.742685,0.743731,0.704121,0.739699,0.704121,0.718824,0.718824
745.000000,0.713777,0.725431,0.741832,0.743585,0.726085,0.727546,0.709693,0.725722,0.725722
746.000000,0.713306,0.722690,0.740098,0.743065,0.726085,0.753311,0.713344,0.716827,0.716827
747.000000,0.713378,0.717426,0.737775,0.741734,0.728989,0.728989,0.697404,0.703213,0.703213
748.000000,0.713886,0.713905,0.735351,0.739828,0.712834,0.712834,0.699583,0.704847,0.704847
749.000000,0.712071,0.712089,0.732937,0.738216,0.710292,0.710292,0.698856,0.709748,0.709748
750.000000,0.709348,0.711563,0.730505,0.736564,0.712289,0.715373,0.707932,0.712107,0.712107
751.000000,0.709494,0.711400,0.728326,0.735294,0.712652,0.721365,0.712652,0.717553,0.717553
752.000000,0.711999,0.712688,0.725994,0.734459,0.719550,0.720276,0.707388,0.715738,0.715738
753.000000,0.716101,0.714993,0.724061,0.734180,0.722273,0.726264,0.718188,0.725357,0.725357
754.000000,0.718025,0.715048,0.721683,0.733472,0.725722,0.726085,0.717735,0.719368,0.719368
755.000000,0.717117,0.713233,0.719332,0.732299,0.711926,0.719005,0.706843,0.707569,0.707569
756.000000,0.710800,0.710147,0.716418,0.730114,0.706843,0.706843,0.683246,0.685968,0.685968
757.000000,0.705246,0.708622,0.713024,0.728057,0.689780,0.690993,0.683429,0.687965,0.687965
758.000000,0.696860,0.706480,0.710192,0.725728,0.679615,0.686266,0.679615,0.683427,0.683427
759.000000,0.686477,0.702251,0.707170,0.722708,0.670721,0.676529,0.666729,0.667453,0.667453
760.000000,0.675950,0.696533,0.704048,0.719181,0.677255,0.677255,0.654936,0.654936,0.654936
761.000000,0.670032,0.690416,0.700908,0.715690,0.656380,0.660555,0.652768,0.656380,0.656380
762.000000,0.663824,0.684535,0.698612,0.712174,0.661826,0.661826,0.646943,0.656925,0.656925
763.000000,0.653950,0.675405,0.695199,0.707842,0.656925,0.660554,0.630968,0.634053,0.634053
764.000000,0.648286,0.667381,0.691215,0.703582,0.636232,0.644509,0.630606,0.639136,0.639136
765.000000,0.643021,0.659485,0.686359,0.699383,0.622073,0.628971,0.614994,0.628608,0.628608
766.000000,0.636667,0.653350,0.681748,0.695396,0.632238,0.635324,0.620675,0.624614,0.624614
767.000000,0.629769,0.646797,0.677709,0.690948,0.612452,0.626429,0.604738,0.622434,0.622434
768.000000,0.625558,0.639754,0.673117,0.686713,0.625159,0.627519,0.612997,0.612997,0.612997
769.000000,0.621891,0.635089,0.668670,0.683143,0.619169,0.623162,0.615177,0.620802,0.620802
770.000000,0.616082,0.629551,0.663042,0.679216,0.615538,0.615538,0.599383,0.599564,0.599564
771.000000,0.614775,0.625721,0.658069,0.675846,0.603739,0.619711,0.603739,0.618080,0.618080
772.000000,0.614485,0.622127,0.653331,0.673117,0.618078,0.634233,0.617399,0.620984,0.620984
773.000000,0.618588,0.622073,0.648739,0.670824,0.630243,0.639199,0.630243,0.633509,0.633509
774.000000,0.623816,0.622853,0.645117,0.668428,0.633690,0.646941,0.632058,0.646941,0.646941
775.000000,0.632420,0.624251,0.641868,0.665656,0.641133,0.647123,0.635506,0.642585,0.642585
776.000000,0.633944,0.624360,0.638855,0.662619,0.635142,0.635869,0.624251,0.625703,0.625703
777.000000,0.635251,0.624868,0.635833,0.660096,0.633327,0.633327,0.615357,0.627519,0.627519
778.000000,0.634598,0.626593,0.633173,0.657609,0.626066,0.636609,0.622982,0.630241,0.630241
779.000000,0.628644,0.626230,0.630659,0.654523,0.630423,0.634415,0.617172,0.617172,0.617172
780.000000,0.622581,0.627500,0.628526,0.651195,0.610819,0.615175,0.605010,0.612271,0.612271
781.000000,0.619895,0.626920,0.626320,0.647686,0.606099,0.614903,0.603311,0.612271,0.612271
782.000000,0.616410,0.625830,0.623979,0.644164,0.619713,0.625159,0.610093,0.610093,0.610093
783.000000,0.608858,0.621728,0.621900,0.639735,0.595934,0.607032,0.588129,0.592485,0.592485
784.000000,0.608241,0.618443,0.620648,0.636226,0.602832,0.616626,0.601017,0.614086,0.614086
785.000000,0.611327,0.616954,0.620603,0.633563,0.626066,0.632238,0.618261,0.627700,0.627700
786.000000,0.614050,0.616972,0.620666,0.631561,0.635687,0.635687,0.624433,0.625885,0.625885
787.000000,0.615974,0.616192,0.620530,0.629286,0.629515,0.629515,0.616446,0.619713,0.619713
788.000000,0.622254,0.615556,0.621075,0.627301,0.618987,0.627337,0.616811,0.623888,0.623888
789.000000,0.625449,0.616845,0.621537,0.626055,0.632057,0.632964,0.629733,0.630060,0.630060
790.000000,0.623816,0.617571,0.622536,0.624874,0.631149,0.631149,0.617898,0.619532,0.619532
791.000000,0.622835,0.618443,0.622681,0.623694,0.613541,0.621345,0.605101,0.620984,0.620984
792.000000,0.624578,0.620276,0.623053,0.622745,0.620076,0.628971,0.618802,0.628426,0.628426
793.000000,0.627192,0.624723,0.623226,0.622841,0.631512,0.642583,0.631512,0.636958,0.636958
794.000000,0.626502,0.625976,0.622209,0.622424,0.636230,0.637571,0.626611,0.626611,0.626611
795.000000,0.631657,0.627736,0.622345,0.622981,0.633327,0.648379,0.630604,0.645308,0.645308
796.000000,0.638410,0.630623,0.623797,0.623985,0.645226,0.654747,0.645226,0.654747,0.654747
797.000000,0.645561,0.635070,0.625631,0.625377,0.656288,0.664184,0.655872,0.664184,0.664184
798.000000,0.651697,0.639444,0.627500,0.627198,0.669632,0.670358,0.662737,0.667635,0.667635
799.000000,0.660555,0.643529,0.630187,0.628868,0.664186,0.673079,0.662552,0.670902,0.670902
800.000000,0.663278,0.647468,0.632519,0.630846,0.667090,0.667486,0.658922,0.658922,0.658922
801.000000,0.663278,0.650844,0.634643,0.632069,0.662734,0.662824,0.652569,0.654747,0.654747
802.000000,0.662044,0.653803,0.637039,0.633303,0.659648,0.659764,0.648956,0.658014,0.658014
803.000000,0.663460,0.657578,0.641151,0.634677,0.665638,0.674714,0.664108,0.674714,0.674714
804.000000,0.663097,0.661826,0.643901,0.635415,0.670358,0.672107,0.666366,0.669087,0.669087
805.000000,0.663932,0.663605,0.645671,0.636098,0.661826,0.666344,0.661463,0.663097,0.663097
806.000000,0.664077,0.663677,0.647150,0.637091,0.660918,0.665279,0.652205,0.655473,0.655473
807.000000,0.666037,0.664041,0.649555,0.638434,0.654021,0.670214,0.648938,0.667816,0.667816
808.000000,0.666400,0.664930,0.652187,0.639977,0.663460,0.681291,0.663460,0.676529,0.676529
809.000000,0.667707,0.665402,0.654465,0.641925,0.675803,0.678345,0.670176,0.675622,0.675622
810.000000,0.670031,0.666981,0.657224,0.644007,0.671810,0.677038,0.670830,0.674714,0.674714
811.000000,0.671302,0.667689,0.659267,0.645659,0.671628,0.671628,0.661826,0.661826,0.661826
812.000000,0.670212,0.668125,0.660964,0.647401,0.653295,0.662371,0.653295,0.662371,0.662371
813.000000,0.667417,0.666909,0.662244,0.649737,0.663278,0.664411,0.658406,0.662552,0.662552
814.000000,0.665384,0.666546,0.664186,0.651449,0.656744,0.665981,0.652933,0.665457,0.665457
815.000000,0.664694,0.667362,0.665484,0.652901,0.672354,0.675985,0.668905,0.671265,0.671265
816.000000,0.665711,0.668506,0.666092,0.654269,0.668361,0.671957,0.665093,0.666909,0.666909
817.000000,0.666509,0.668361,0.666201,0.655824,0.662371,0.667642,0.660192,0.666364,0.666364
818.000000,0.666763,0.667090,0.666010,0.657155,0.667272,0.670249,0.661283,0.663823,0.663823
819.000000,0.663895,0.664640,0.665021,0.657857,0.658922,0.660372,0.651116,0.651116,0.651116
820.000000,0.660773,0.662734,0.664858,0.659061,0.652750,0.656560,0.648938,0.655654,0.655654
821.000000,0.655800,0.660755,0.664222,0.659763,0.652205,0.652385,0.637684,0.642040,0.642040
822.000000,0.651552,0.659031,0.663578,0.660319,0.646760,0.653767,0.642948,0.645126,0.645126
823.000000,0.648829,0.657796,0.662353,0.660761,0.649301,0.657288,0.649301,0.650209,0.650209
824.000000,0.650572,0.657234,0.661890,0.661868,0.652569,0.660737,0.649483,0.659829,0.659829
825.000000,0.655836,0.658305,0.662834,0.663091,0.659648,0.681975,0.659648,0.681975,0.681975
826.000000,0.664367,0.660083,0.664295,0.664089,0.680051,0.691002,0.680051,0.684698,0.684698
827.000000,0.672028,0.661790,0.665075,0.664730,0.683064,0.687755,0.681249,0.683427,0.683427
828.000000,0.680015,0.664422,0.665756,0.665481,0.679978,0.691414,0.679978,0.690143,0.690143
829.000000,0.687566,0.669069,0.666854,0.666370,0.692322,0.698312,0.691485,0.697586,0.697586
830.000000,0.692322,0.674079,0.668406,0.667931,0.694137,0.706478,0.694137,0.705754,0.705754
831.000000,0.695408,0.679887,0.670321,0.669444,0.706480,0.711291,0.698314,0.700127,0.700127
832.000000,0.700236,0.686132,0.672581,0.671096,0.699401,0.709201,0.698858,0.707569,0.707569
833.000000,0.702632,0.691323,0.674560,0.672009,0.705573,0.705573,0.697041,0.702124,0.702124
834.000000,0.705718,0.696642,0.676938,0.673474,0.703031,0.714647,0.703031,0.713015,0.713015
835.000000,0.706734,0.699528,0.678916,0.675065,0.712471,0.713004,0.706117,0.710837,0.710837
836.000000,0.707352,0.701380,0.680732,0.676656,0.706662,0.711926,0.702487,0.703213,0.703213
837.000000,0.706408,0.703322,0.682556,0.677824,0.699946,0.708294,0.699583,0.702850,0.702850
838.000000,0.707533,0.705083,0.684752,0.678865,0.701579,0.707931,0.700490,0.707751,0.707751
839.000000,0.703649,0.704683,0.686876,0.679464,0.700853,0.700853,0.688147,0.693592,0.693592
840.000000,0.698602,0.702668,0.688374,0.679827,0.689417,0.692140,0.677983,0.685605,0.685605
841.000000,0.694064,0.700708,0.690298,0.680450,0.688510,0.688510,0.679252,0.680523,0.680523
842.000000,0.689998,0.698203,0.692167,0.681122,0.677618,0.683064,0.677618,0.682520,0.682520
843.000000,0.684843,0.696188,0.693756,0.681769,0.684516,0.686330,0.678708,0.681975,0.681975
844.000000,0.684453,0.694051,0.695346,0.682642,0.686150,0.695587,0.686150,0.691641,0.691641
845.000000,0.685324,0.691963,0.695746,0.683265,0.692140,0.696676,0.689962,0.689962,0.689962
846.000000,0.686921,0.690493,0.695936,0.683985,0.691051,0.691051,0.682156,0.688510,0.688510
847.000000,0.685905,0.687952,0.695637,0.684354,0.684716,0.689054,0.675259,0.677437,0.677437
848.000000,0.687067,0.685955,0.695519,0.685153,0.678709,0.692501,0.678709,0.687784,0.687784
849.000000,0.683935,0.684194,0.694439,0.685982,0.684516,0.690180,0.674700,0.675985,0.675985
850.000000,0.686368,0.685846,0.694257,0.687531,0.676166,0.702124,0.676166,0.702124,0.702124
851.000000,0.687421,0.687171,0.693939,0.689255,0.699219,0.701530,0.687421,0.693774,0.693774
852.000000,0.692140,0.689023,0.693613,0.691119,0.694681,0.702941,0.694681,0.701035,0.701035
853.000000,0.694391,0.690729,0.693458,0.692747,0.697041,0.702028,0.696927,0.699038,0.699038
854.000000,0.702087,0.693011,0.693531,0.694568,0.707025,0.716281,0.707025,0.714467,0.714467
855.000000,0.706081,0.696224,0.694094,0.695905,0.719550,0.726085,0.719403,0.722091,0.722091
856.000000,0.710437,0.698929,0.694711,0.696934,0.725177,0.725177,0.714649,0.715556,0.715556
857.000000,0.714903,0.703522,0.695737,0.698265,0.716101,0.723362,0.716101,0.723362,0.723362
858.000000,0.719731,0.707061,0.696508,0.699366,0.725177,0.726083,0.702356,0.723180,0.723180
859.000000,0.722019,0.712053,0.698124,0.700310,0.718824,0.726448,0.716321,0.725903,0.725903
860.000000,0.723071,0.714576,0.700211,0.701030,0.723725,0.727355,0.719871,0.727355,0.727355
861.000000,0.723362,0.716900,0.702035,0.701593,0.721547,0.737339,0.701579,0.717009,0.717009
862.000000,0.723580,0.719241,0.704132,0.702156,0.716645,0.728989,0.716645,0.724451,0.724451
863.000000,0.723434,0.721583,0.706156,0.702833,0.724269,0.726264,0.721548,0.722454,0.722454
864.000000,0.723180,0.722599,0.707805,0.703220,0.718461,0.727353,0.718461,0.724632,0.724632
865.000000,0.721474,0.722273,0.709249,0.703487,0.719731,0.719731,0.710113,0.718824,0.718824
866.000000,0.720167,0.721764,0.710347,0.703729,0.709022,0.716099,0.707751,0.710474,0.710474
867.000000,0.715339,0.719459,0.711490,0.703644,0.707206,0.711485,0.699401,0.700309,0.700309
868.000000,0.708767,0.716101,0.711581,0.703039,0.697949,0.701046,0.687784,0.689599,0.689599
869.000000,0.702060,0.712620,0.712337,0.702956,0.690143,0.700450,0.690143,0.691095,0.691095
870.000000,0.695634,0.708554,0.711565,0.702992,0.683427,0.686876,0.678165,0.686694,0.686694
871.000000,0.690406,0.705287,0.711093,0.703119,0.682701,0.690506,0.682156,0.684335,0.684335
872.000000,0.689099,0.702219,0.710730,0.703494,0.690688,0.701579,0.690688,0.693774,0.693774
873.000000,0.690479,0.699623,0.710603,0.703978,0.693411,0.698312,0.689417,0.696497,0.696497
874.000000,0.690543,0.696301,0.709450,0.703971,0.691959,0.700309,0.691414,0.691414,0.691414
875.000000,0.695916,0.695775,0.709024,0.704757,0.707932,0.713560,0.706934,0.713560,0.713560
876.000000,0.692903,0.691654,0.706709,0.704116,0.676166,0.685812,0.669268,0.669268,0.669268
877.000000,0.682701,0.685900,0.702680,0.702960,0.662008,0.662008,0.640225,0.642766,0.642766
878.000000,0.674859,0.682669,0.699385,0.701944,0.639136,0.659283,0.639136,0.657286,0.657286
879.000000,0.671410,0.680976,0.696798,0.701883,0.656017,0.674349,0.656017,0.674170,0.674170
880.000000,0.666690,0.681303,0.694928,0.701478,0.678708,0.689960,0.674897,0.689960,0.689960
881.000000,0.668905,0.680904,0.693095,0.701030,0.689054,0.689054,0.677074,0.680341,0.680341
882.000000,0.673806,0.678253,0.690236,0.699905,0.674351,0.674351,0.662917,0.667272,0.667272
883.000000,0.676565,0.675712,0.687668,0.698973,0.662552,0.671810,0.660739,0.671084,0.671084
884.000000,0.677037,0.674224,0.685262,0.697708,0.671084,0.680506,0.670902,0.676529,0.676529
885.000000,0.676747,0.671719,0.683747,0.696589,0.678708,0.692685,0.678708,0.688510,0.688510
886.000000,0.680523,0.674714,0.683184,0.696044,0.693411,0.700490,0.693411,0.699219,0.699219
887.000000,0.689853,0.681829,0.683865,0.695729,0.710232,0.715397,0.708368,0.713921,0.713921
888.000000,0.698203,0.687384,0.685026,0.695385,0.710111,0.713741,0.709205,0.712834,0.712834
889.000000,0.706843,0.691940,0.686458,0.695179,0.720639,0.724260,0.719731,0.719731,0.719731
890.000000,0.713269,0.695008,0.688155,0.694955,0.719731,0.723567,0.718397,0.720639,0.720639
891.000000,0.716681,0.698602,0.689753,0.694931,0.722091,0.722091,0.716282,0.716282,0.716282
892.000000,0.717589,0.703721,0.690987,0.694731,0.709677,0.720456,0.709677,0.718461,0.718461
893.000000,0.717589,0.707896,0.691804,0.694410,0.717735,0.717735,0.711744,0.712834,0.712834
894.000000,0.715012,0.710927,0.692576,0.693817,0.712471,0.712634,0.705573,0.706843,0.706843
895.000000,0.714249,0.713759,0.692739,0.693751,0.704665,0.718642,0.698312,0.716827,0.716827
896.000000,0.713269,0.714975,0.694845,0.693781,0.714286,0.715899,0.711200,0.711381,0.711381
897.000000,0.712797,0.715193,0.698511,0.694308,0.708840,0.716101,0.708840,0.716101,0.716101
898.000000,0.713835,0.715712,0.701548,0.695255,0.717916,0.722273,0.715551,0.718023,0.718023
899.000000,0.715832,0.715422,0.703681,0.696113,0.719005,0.719005,0.713378,0.716827,0.716827
900.000000,0.715057,0.714653,0.704831,0.696988,0.716101,0.717733,0.711202,0.712953,0.712953
901.000000,0.714186,0.713728,0.706165,0.697744,0.715375,0.716101,0.705936,0.707025,0.707025
902.000000,0.711354,0.712076,0.707898,0.698017,0.706299,0.706480,0.701400,0.701942,0.701942
903.000000,0.709390,0.711613,0.709754,0.698407,0.701035,0.708822,0.701035,0.708205,0.708205
904.000000,0.707938,0.711885,0.711406,0.699012,0.707569,0.712471,0.707569,0.709566,0.709566
905.000000,0.711726,0.713392,0.713575,0.699623,0.716464,0.731893,0.716464,0.731893,0.731893
906.000000,0.716046,0.715116,0.715046,0.701602,0.733708,0.735015,0.727537,0.728626,0.728626
907.000000,0.722146,0.716750,0.715972,0.704591,0.728626,0.732438,0.726175,0.732438,0.732438
908.000000,0.725518,0.717454,0.716583,0.706850,0.731712,0.731712,0.723543,0.725068,0.725068
909.000000,0.728967,0.718453,0.716937,0.708605,0.727900,0.729532,0.725903,0.726811,0.726811
910.000000,0.727624,0.719675,0.717164,0.709779,0.723543,0.725177,0.721002,0.725177,0.725177
911.000000,0.728350,0.722198,0.717963,0.711509,0.727537,0.732619,0.727537,0.732256,0.732256
912.000000,0.727842,0.724994,0.718535,0.713597,0.728626,0.732256,0.728626,0.729897,0.729897
913.000000,0.729243,0.727381,0.719497,0.715630,0.727900,0.734961,0.727900,0.732075,0.732075
914.000000,0.731349,0.730158,0.721022,0.717657,0.732075,0.737339,0.732075,0.737339,0.737339
915.000000,0.733709,0.730666,0.722029,0.719272,0.736431,0.737519,0.732801,0.736978,0.736978
916.000000,0.734689,0.731520,0.723318,0.720537,0.736250,0.740060,0.731748,0.737157,0.737157
917.000000,0.736867,0.732355,0.724552,0.721433,0.740062,0.742966,0.739708,0.740788,0.740788
918.000000,0.738683,0.733963,0.725709,0.722376,0.740969,0.743872,0.740243,0.741151,0.741151
919.000000,0.740461,0.735905,0.727179,0.723260,0.740788,0.746596,0.740788,0.746233,0.746233
920.000000,0.742894,0.738301,0.728988,0.724210,0.749319,0.751316,0.744965,0.749140,0.749140
921.000000,0.746415,0.740552,0.731375,0.725493,0.751861,0.756034,0.749897,0.754765,0.754765
922.000000,0.750082,0.743475,0.734234,0.726848,0.755854,0.759848,0.755584,0.759121,0.759121
923.000000,0.754112,0.746397,0.736889,0.728464,0.759666,0.762752,0.753494,0.761300,0.761300
924.000000,0.755963,0.748212,0.739185,0.730085,0.762752,0.762752,0.751006,0.755491,0.755491
925.000000,0.758613,0.750753,0.740710,0.731604,0.760211,0.762389,0.758214,0.762389,0.762389
926.000000,0.758347,0.752381,0.741950,0.733006,0.765293,0.765293,0.751681,0.753433,0.753433
927.000000,0.758238,0.754160,0.743257,0.734421,0.750771,0.758704,0.748956,0.758577,0.758577
928.000000,0.758027,0.756070,0.745016,0.735829,0.758940,0.761390,0.758433,0.760247,0.760247
929.000000,0.757374,0.756669,0.746287,0.737009,0.759666,0.762207,0.752224,0.752225,0.752225
930.000000,0.756249,0.757431,0.747866,0.738469,0.749138,0.756762,0.746052,0.756762,0.756762
931.000000,0.755027,0.756687,0.748619,0.739812,0.751861,0.751861,0.740697,0.747323,0.747323
932.000000,0.751396,0.754817,0.749146,0.741095,0.748956,0.748956,0.736976,0.740425,0.740425
933.000000,0.748231,0.753129,0.749763,0.742302,0.737339,0.746415,0.737339,0.744418,0.744418
934.000000,0.746596,0.751985,0.750099,0.743452,0.743329,0.745870,0.739336,0.744055,0.744055
935.000000,0.743874,0.750061,0.750407,0.743827,0.747504,0.750953,0.740062,0.743148,0.743148
936.000000,0.743417,0.749222,0.750801,0.744374,0.748775,0.748775,0.744418,0.745039,0.745039
937.000000,0.744506,0.747951,0.751056,0.744822,0.744055,0.748228,0.741332,0.745870,0.745870
938.000000,0.746321,0.747276,0.751673,0.745769,0.747141,0.753494,0.747141,0.753494,0.753494
939.000000,0.747796,0.747196,0.751932,0.746590,0.753131,0.754039,0.749864,0.751429,0.751429
940.000000,0.746307,0.745091,0.751261,0.746941,0.746233,0.746233,0.735705,0.735705,0.735705
941.000000,0.745095,0.744256,0.750471,0.747165,0.732619,0.742222,0.732176,0.738974,0.738974
942.000000,0.745730,0.745118,0.749968,0.747803,0.743874,0.749047,0.740064,0.749047,0.749047
943.000000,0.742826,0.744573,0.748851,0.748033,0.756580,0.756580,0.736613,0.738973,0.738973
944.000000,0.742412,0.745104,0.748545,0.748434,0.743692,0.750951,0.741877,0.749359,0.749359
945.000000,0.743664,0.744986,0.747524,0.748600,0.740606,0.746233,0.740606,0.741968,0.741968
946.000000,0.745298,0.745196,0.747209,0.748933,0.746233,0.749864,0.744237,0.747141,0.747141
947.000000,0.747095,0.746412,0.747182,0.749508,0.748956,0.761118,0.748956,0.758032,0.758032
948.000000,0.751015,0.746920,0.747098,0.750089,0.756943,0.758758,0.754148,0.758577,0.758577
949.000000,0.752815,0.747614,0.747405,0.750493,0.756580,0.758359,0.751824,0.758359,0.758359
950.000000,0.757045,0.750355,0.747723,0.750959,0.761300,0.766201,0.761300,0.763115,0.763115
951.000000,0.758896,0.752097,0.748176,0.751013,0.760392,0.765130,0.752768,0.756397,0.756397
952.000000,0.758606,0.752850,0.748984,0.750928,0.754402,0.759543,0.754402,0.756580,0.756580
953.000000,0.754939,0.752977,0.748775,0.750226,0.750408,0.750408,0.738519,0.740243,0.740243
954.000000,0.752332,0.752574,0.748839,0.749888,0.748049,0.749782,0.741735,0.745326,0.745326
955.000000,0.747685,0.752365,0.748675,0.749137,0.746415,0.746415,0.739532,0.739880,0.739880
956.000000,0.745093,0.751994,0.748595,0.748804,0.747686,0.747686,0.740929,0.743434,0.743434
957.000000,0.744403,0.751504,0.748958,0.748623,0.746960,0.754583,0.745326,0.753131,0.753131
958.000000,0.746400,0.750669,0.748795,0.748289,0.750590,0.755671,0.746596,0.750227,0.750227
959.000000,0.747416,0.749874,0.748744,0.748228,0.747323,0.750953,0.746161,0.750408,0.750408
960.000000,0.750684,0.749184,0.749769,0.748210,0.759303,0.759483,0.754825,0.756217,0.756217
961.000000,0.753095,0.749094,0.750595,0.748482,0.758032,0.758032,0.752405,0.755491,0.755491
962.000000,0.752914,0.748658,0.750754,0.748875,0.752405,0.758212,0.751728,0.752225,0.752225
963.000000,0.753858,0.750129,0.751553,0.749226,0.759303,0.759846,0.754946,0.754946,0.754946
964.000000,0.753749,0.750583,0.751578,0.749420,0.758940,0.758940,0.747504,0.749864,0.749864
965.000000,0.753204,0.751944,0.752154,0.749765,0.750953,0.757306,0.749138,0.753494,0.753494
966.000000,0.751607,0.752351,0.752173,0.749847,0.756580,0.756943,0.743874,0.747504,0.747504
967.000000,0.748953,0.750933,0.751219,0.749617,0.746960,0.746960,0.736431,0.738954,0.738954
968.000000,0.746048,0.749953,0.750311,0.749181,0.738428,0.744600,0.738428,0.740425,0.740425
969.000000,0.744378,0.749064,0.749469,0.748850,0.740606,0.748502,0.736613,0.741514,0.741514
970.000000,0.745675,0.749440,0.749312,0.749660,0.754765,0.759980,0.754041,0.759980,0.759980
971.000000,0.747600,0.749603,0.749349,0.750265,0.758758,0.761661,0.753315,0.757125,0.757125
972.000000,0.759075,0.754014,0.751336,0.751841,0.749864,0.798875,0.749864,0.796333,0.796333
973.000000,0.776864,0.761456,0.755793,0.754854,0.807769,0.832819,0.805727,0.829370,0.829370
974.000000,0.799663,0.772021,0.761302,0.758392,0.830096,0.856054,0.829733,0.855509,0.855509
975.000000,0.821928,0.783802,0.767873,0.762704,0.868760,0.888909,0.863730,0.871302,0.871302
976.000000,0.845707,0.796653,0.774502,0.767000,0.866400,0.887459,0.857357,0.876021,0.876021
977.000000,0.860619,0.809847,0.780390,0.770761,0.869668,0.876747,0.866665,0.870891,0.870891
978.000000,0.870421,0.823643,0.786798,0.774755,0.880196,0.883100,0.876406,0.878381,0.878381
979.000000,0.876701,0.838182,0.793623,0.779040,0.880015,0.890114,0.877110,0.886912,0.886912
980.000000,0.880216,0.851072,0.800256,0.783232,0.894899,0.894899,0.881650,0.888873,0.888873
981.000000,0.884701,0.865204,0.807404,0.787967,0.892721,0.899982,0.892360,0.898446,0.898446
982.000000,0.891717,0.876168,0.815091,0.792947,0.905791,0.907947,0.899281,0.905972,0.905972
983.000000,0.897344,0.883882,0.822669,0.798489,0.914685,0.914685,0.902523,0.906517,0.906517
984.000000,0.897780,0.887241,0.829631,0.803281,0.906698,0.907424,0.888183,0.889091,0.889091
985.000000,0.898949,0.889582,0.836692,0.808443,0.898530,0.900706,0.889454,0.894718,0.894718
986.000000,0.898929,0.891815,0.844234,0.813606,0.899437,0.908232,0.895262,0.898348,0.898348
987.000000,0.900236,0.895976,0.852912,0.818919,0.913959,0.913959,0.905972,0.912507,0.912507
988.000000,0.899982,0.898663,0.861153,0.824086,0.914140,0.914140,0.901601,0.905246,0.905246
989.000000,0.906335,0.902057,0.870120,0.829768,0.922490,0.922490,0.913088,0.920857,0.920857
990.000000,0.914249,0.906599,0.878835,0.835704,0.930114,0.935197,0.920546,0.934289,0.934289
991.000000,0.923180,0.911055,0.888129,0.841954,0.948266,0.948266,0.931625,0.943002,0.943002
992.000000,0.933745,0.916990,0.896579,0.849057,0.954075,0.967143,0.943912,0.965329,0.965329
993.000000,0.946778,0.923380,0.903631,0.856240,0.972227,0.972227,0.960065,0.970412,0.970412
994.000000,0.952187,0.929261,0.908251,0.862841,0.985297,0.985297,0.945751,0.947903,0.947903
995.000000,0.955890,0.935070,0.912326,0.869485,0.962788,0.962788,0.943158,0.952805,0.952805
996.000000,0.956544,0.939862,0.915838,0.876110,0.951715,0.957268,0.941637,0.946270,0.946270
997.000000,0.954983,0.944364,0.920170,0.883396,0.950989,0.964602,0.946727,0.957524,0.957524
998.000000,0.949973,0.948375,0.923519,0.890227,0.971320,0.971320,0.944999,0.945362,0.945362
999.000000,0.950989,0.951588,0.926823,0.897276,0.943728,0.954044,0.940461,0.952986,0.952986
1000.000000,0.954257,0.955074,0.930836,0.904248,0.962425,0.969141,0.958432,0.969141,0.969141
1001.000000,0.957720,0.957132,0.934093,0.911130,0.969504,0.969504,0.958820,0.963589,0.963589
1002.000000,0.959209,0.957096,0.937043,0.916751,0.969504,0.969504,0.958613,0.964966,0.964966
1003.000000,0.963130,0.956551,0.939966,0.921271,0.969323,0.969323,0.961336,0.964966,0.964966
1004.000000,0.966784,0.958887,0.944074,0.925129,0.968415,0.972409,0.966419,0.971256,0.971256
1005.000000,0.966239,0.960248,0.947659,0.928300,0.975132,0.975988,0.963340,0.966419,0.966419
1006.000000,0.965825,0.961773,0.950817,0.931150,0.968960,0.968960,0.954970,0.961518,0.961518
1007.000000,0.964518,0.961863,0.953114,0.934068,0.966419,0.971138,0.956571,0.958432,0.958432
1008.000000,0.963247,0.963189,0.955782,0.936742,0.973316,0.979742,0.950808,0.958613,0.958613
1009.000000,0.963333,0.965058,0.958323,0.939568,0.959339,0.972953,0.959339,0.971683,0.971683
1010.000000,0.960675,0.963457,0.959265,0.941710,0.970231,0.970231,0.945544,0.953131,0.953131
1011.000000,0.958824,0.962324,0.959728,0.943504,0.956072,0.960338,0.951334,0.952260,0.952260
1012.000000,0.955030,0.959774,0.958435,0.944620,0.954801,0.954801,0.938283,0.939463,0.939463
1013.000000,0.953941,0.958594,0.957573,0.946175,0.949719,0.953531,0.939009,0.953168,0.953168
1014.000000,0.951363,0.957348,0.958117,0.948499,0.955709,0.959690,0.944818,0.958795,0.958795
1015.000000,0.948648,0.954661,0.957455,0.949993,0.961881,0.961881,0.930479,0.939553,0.939553
1016.000000,0.947776,0.953300,0.957536,0.951645,0.940280,0.963696,0.940280,0.947903,0.947903
1017.000000,0.943765,0.949397,0.955630,0.951875,0.946996,0.946996,0.918679,0.919405,0.919405
1018.000000,0.938174,0.946057,0.954623,0.952540,0.919586,0.926288,0.914504,0.925213,0.925213
1019.000000,0.930368,0.940866,0.952962,0.952504,0.927028,0.936595,0.914504,0.919768,0.919768
1020.000000,0.928227,0.938437,0.950947,0.952323,0.936649,0.943365,0.922492,0.928844,0.928844
1021.000000,0.923761,0.935769,0.949047,0.951742,0.935378,0.935378,0.918860,0.925576,0.925576
1022.000000,0.928735,0.936250,0.948012,0.951040,0.926121,0.946560,0.926121,0.944273,0.944273
1023.000000,0.934943,0.936558,0.947576,0.950568,0.952441,0.958069,0.950581,0.956253,0.956253
1024.000000,0.943511,0.936940,0.947144,0.951058,0.960791,0.962607,0.953712,0.962607,0.962607
1025.000000,0.948666,0.938446,0.946554,0.951119,0.959702,0.980015,0.951007,0.954620,0.954620
1026.000000,0.950917,0.937339,0.945319,0.950804,0.948993,0.948993,0.927936,0.936831,0.936831
1027.000000,0.949828,0.939281,0.944339,0.950181,0.933382,0.940824,0.930957,0.938827,0.938827
1028.000000,0.945616,0.940280,0.943168,0.949842,0.950808,0.957343,0.931385,0.935197,0.935197
1029.000000,0.937775,0.940643,0.940754,0.948856,0.930114,0.931203,0.919599,0.923398,0.923398
1030.000000,0.936213,0.942440,0.940438,0.948111,0.935378,0.947540,0.930840,0.946814,0.946814
1031.000000,0.936540,0.943728,0.939749,0.947274,0.944818,0.948448,0.935923,0.938464,0.938464
1032.000000,0.935524,0.942676,0.939463,0.946233,0.938464,0.947359,0.929933,0.933745,0.933745
1033.000000,0.933055,0.939336,0.937947,0.944829,0.931022,0.933478,0.915048,0.922854,0.922854
1034.000000,0.935814,0.936794,0.936867,0.943694,0.924669,0.939735,0.924669,0.937194,0.937194
1035.000000,0.935124,0.935669,0.937058,0.942926,0.957706,0.957887,0.936286,0.943365,0.943365
1036.000000,0.937883,0.937212,0.937275,0.942617,0.948811,0.956616,0.948811,0.952260,0.952260
1037.000000,0.944019,0.939771,0.939526,0.942817,0.954801,0.965306,0.947722,0.964422,0.964422
1038.000000,0.952877,0.942966,0.941623,0.943101,0.965693,0.970545,0.960791,0.967145,0.967145
1039.000000,0.959267,0.947540,0.944091,0.943016,0.966963,0.972679,0.958795,0.969141,0.969141
1040.000000,0.964313,0.949719,0.946079,0.943532,0.962788,0.968597,0.960064,0.968597,0.968597
1041.000000,0.968452,0.953168,0.948448,0.944222,0.974042,0.977310,0.967190,0.972953,0.972953
1042.000000,0.970521,0.957270,0.949973,0.945398,0.969686,0.975311,0.967508,0.974769,0.974769
1043.000000,0.972227,0.962552,0.950944,0.946149,0.976765,0.976765,0.961154,0.975676,0.975676
1044.000000,0.972155,0.965711,0.951252,0.946482,0.970412,0.970412,0.963514,0.968778,0.968778
1045.000000,0.972917,0.968615,0.952142,0.947577,0.970231,0.972743,0.966237,0.972409,0.972409
1046.000000,0.970158,0.969305,0.953258,0.947952,0.969323,0.970594,0.955914,0.959158,0.959158
1047.000000,0.972155,0.971338,0.955555,0.950130,0.976039,0.986431,0.976039,0.984752,0.984752
1048.000000,0.969105,0.970666,0.956816,0.951304,0.990016,0.990016,0.959884,0.960428,0.960428
1049.000000,0.968343,0.970249,0.958895,0.952811,0.967689,0.968414,0.959158,0.964966,0.964966
1050.000000,0.965729,0.969323,0.959521,0.953827,0.960428,0.962367,0.950626,0.959339,0.959339
1051.000000,0.964894,0.967526,0.960347,0.954807,0.958432,0.962605,0.951679,0.954983,0.954983
1052.000000,0.956834,0.964494,0.960882,0.954813,0.962062,0.966417,0.944273,0.944455,0.944455
1053.000000,0.953240,0.961173,0.961862,0.954353,0.943728,0.952803,0.939735,0.942458,0.942458
1054.000000,0.948085,0.958214,0.961962,0.953573,0.952078,0.952078,0.930877,0.939190,0.939190
1055.000000,0.944999,0.955364,0.961989,0.953216,0.936649,0.948993,0.936649,0.943910,0.943910
1056.000000,0.942385,0.953639,0.961472,0.953385,0.937920,0.943024,0.928662,0.941913,0.941913
1057.000000,0.941441,0.949138,0.960238,0.953416,0.943365,0.951752,0.938125,0.939735,0.939735
1058.000000,0.942494,0.947867,0.959267,0.953833,0.941732,0.952258,0.940461,0.947722,0.947722
1059.000000,0.945035,0.946560,0.958404,0.954783,0.950263,0.953894,0.937306,0.951897,0.951897
1060.000000,0.944055,0.944527,0.956925,0.954523,0.948811,0.948811,0.937557,0.939009,0.939009
1061.000000,0.933527,0.937956,0.952741,0.952883,0.942458,0.956616,0.888546,0.889272,0.889272
1062.000000,0.921692,0.931567,0.948030,0.951110,0.882737,0.890724,0.872935,0.880559,0.880559
1063.000000,0.909929,0.926212,0.943692,0.949979,0.879470,0.898165,0.877143,0.888909,0.888909
1064.000000,0.897767,0.921401,0.939808,0.948442,0.900163,0.900163,0.883463,0.891087,0.891087
1065.000000,0.887747,0.915901,0.935633,0.946627,0.876203,0.889272,0.862588,0.888909,0.888909
1066.000000,0.890216,0.911871,0.932755,0.944939,0.887820,0.904337,0.881822,0.901616,0.901616
1067.000000,0.893774,0.907733,0.928435,0.942736,0.900345,0.902523,0.893516,0.898348,0.898348
1068.000000,0.900998,0.905464,0.926665,0.941332,0.897804,0.927753,0.897804,0.925032,0.925032
1069.000000,0.906553,0.902160,0.924360,0.939656,0.926847,0.934471,0.915774,0.918860,0.918860
1070.000000,0.910002,0.898875,0.921701,0.937575,0.918315,0.922309,0.899619,0.906154,0.906154
1071.000000,0.910982,0.900599,0.919278,0.935360,0.901616,0.913797,0.900526,0.906517,0.906517
1072.000000,0.909131,0.901452,0.916509,0.932504,0.905972,0.918508,0.888728,0.889091,0.889091
1073.000000,0.904121,0.902559,0.914386,0.929981,0.889635,0.901799,0.884010,0.899982,0.899982
1074.000000,0.899909,0.903231,0.912316,0.927615,0.893629,0.900935,0.891351,0.897804,0.897804
1075.000000,0.897223,0.903612,0.909757,0.924959,0.898348,0.904157,0.885823,0.892721,0.892721
1076.000000,0.896134,0.903558,0.907715,0.923023,0.887638,0.901797,0.885885,0.901071,0.901071
1077.000000,0.895698,0.902414,0.905074,0.919762,0.899619,0.901797,0.886364,0.886912,0.886912
1078.000000,0.889381,0.896751,0.901107,0.916694,0.880559,0.886025,0.868397,0.868397,0.868397
1079.000000,0.886223,0.893066,0.897613,0.913929,0.868034,0.882556,0.865112,0.882011,0.882011
1080.000000,0.884262,0.890742,0.894808,0.911381,0.877473,0.890706,0.870116,0.882919,0.882919
1081.000000,0.882084,0.889109,0.894854,0.909221,0.889091,0.896885,0.885649,0.890180,0.890180
1082.000000,0.886604,0.891151,0.896302,0.908057,0.897441,0.910329,0.895262,0.909512,0.909512
1083.000000,0.895244,0.892313,0.897436,0.907028,0.909239,0.915772,0.903975,0.911599,0.911599
1084.000000,0.904937,0.895580,0.899406,0.906737,0.928299,0.940643,0.925576,0.930477,0.930477
1085.000000,0.915466,0.899864,0.901738,0.906459,0.939917,0.945064,0.934652,0.935560,0.935560
1086.000000,0.926466,0.904275,0.903916,0.906568,0.935560,0.953859,0.935560,0.945181,0.945181
1087.000000,0.931421,0.909013,0.905713,0.906387,0.948811,0.948811,0.930332,0.934289,0.934289
1088.000000,0.931930,0.913587,0.905169,0.905267,0.935378,0.940341,0.914140,0.914140,0.914140
1089.000000,0.930913,0.917925,0.905496,0.904384,0.918679,0.929377,0.912785,0.925395,0.925395
1090.000000,0.927137,0.921302,0.906022,0.903639,0.927936,0.927936,0.912677,0.916682,0.916682
1091.000000,0.922672,0.924569,0.906839,0.904759,0.914140,0.923761,0.909966,0.922854,0.922854
1092.000000,0.920929,0.926175,0.908663,0.906259,0.931748,0.933093,0.921124,0.925576,0.925576
1093.000000,0.923071,0.927500,0.909907,0.907457,0.929933,0.929933,0.915594,0.924850,0.924850
1094.000000,0.923797,0.927355,0.911468,0.908722,0.926121,0.929025,0.921038,0.929025,0.929025
1095.000000,0.924306,0.925722,0.912793,0.909733,0.928118,0.931748,0.913414,0.919223,0.919223
1096.000000,0.923543,0.923108,0.913691,0.910313,0.917952,0.920857,0.914402,0.919042,0.919042
1097.000000,0.919296,0.920113,0.914563,0.910513,0.916863,0.916863,0.900526,0.904338,0.904338
1098.000000,0.914032,0.918551,0.916069,0.909630,0.900708,0.900708,0.890492,0.898530,0.898530
1099.000000,0.909784,0.916791,0.917358,0.909261,0.895262,0.910871,0.894173,0.907787,0.907787
1100.000000,0.908041,0.916174,0.918738,0.909406,0.907606,0.910871,0.899376,0.910510,0.910510
1101.000000,0.898748,0.911145,0.917857,0.908274,0.890906,0.893042,0.867657,0.872572,0.872572
1102.000000,0.894064,0.906680,0.916428,0.908002,0.869123,0.884914,0.869123,0.880922,0.880922
1103.000000,0.890071,0.902051,0.914776,0.907288,0.883826,0.889996,0.877836,0.878562,0.878562
1104.000000,0.885242,0.897513,0.912434,0.906816,0.880196,0.885642,0.875132,0.883645,0.883645
1105.000000,0.882265,0.895153,0.910437,0.906913,0.885279,0.898864,0.879472,0.895625,0.895625
1106.000000,0.885678,0.892213,0.907660,0.906532,0.896533,0.898648,0.885435,0.889635,0.889635
1107.000000,0.887457,0.890761,0.905437,0.906629,0.891813,0.896399,0.884910,0.889817,0.889817
1108.000000,0.888691,0.889381,0.903966,0.907173,0.888364,0.890178,0.881980,0.884734,0.884734
1109.000000,0.886840,0.886041,0.901416,0.906919,0.878744,0.880846,0.869116,0.874387,0.874387
1110.000000,0.881612,0.881939,0.899056,0.906471,0.874932,0.877842,0.857591,0.869486,0.869486
1111.000000,0.880777,0.883227,0.897186,0.906314,0.873480,0.885642,0.867490,0.885460,0.885460
1112.000000,0.879760,0.883609,0.895144,0.905488,0.880741,0.897078,0.879833,0.884734,0.884734
1113.000000,0.878889,0.883790,0.892921,0.904447,0.888364,0.890107,0.879833,0.880378,0.880378
1114.000000,0.878708,0.882774,0.890143,0.902547,0.871120,0.879561,0.868397,0.873480,0.873480
1115.000000,0.881321,0.881467,0.888310,0.900781,0.876021,0.886729,0.875658,0.882556,0.882556
1116.000000,0.886259,0.883518,0.887865,0.899613,0.885823,0.922490,0.877491,0.910147,0.910147
1117.000000,0.897549,0.888655,0.889708,0.899843,0.915956,0.946170,0.911964,0.941187,0.941187
1118.000000,0.909094,0.893992,0.891686,0.900641,0.945362,0.955346,0.930659,0.938101,0.938101
1119.000000,0.922418,0.900563,0.893302,0.901131,0.941369,0.945725,0.934289,0.940098,0.940098
1120.000000,0.933745,0.907533,0.894736,0.901882,0.933019,0.939190,0.920312,0.939190,0.939190
1121.000000,0.938718,0.912489,0.897858,0.902287,0.925032,0.943327,0.925032,0.935015,0.935015
1122.000000,0.936250,0.916900,0.900254,0.902396,0.938464,0.938464,0.925395,0.928844,0.928844
1123.000000,0.933963,0.921528,0.902659,0.902457,0.935560,0.936921,0.924669,0.926665,0.926665
1124.000000,0.928408,0.925413,0.904093,0.901900,0.927210,0.927210,0.912325,0.912325,0.912325
1125.000000,0.920349,0.927047,0.904257,0.901222,0.916319,0.916319,0.898530,0.898893,0.898893
1126.000000,0.911272,0.924995,0.904257,0.900242,0.891995,0.896714,0.885918,0.889635,0.889635
1127.000000,0.903322,0.919786,0.904220,0.899734,0.894899,0.894899,0.885079,0.889091,0.889091
1128.000000,0.896642,0.915302,0.904647,0.899558,0.892176,0.900274,0.886898,0.893266,0.893266
1129.000000,0.893665,0.911036,0.905800,0.899213,0.900163,0.907606,0.895905,0.897441,0.897441
1130.000000,0.896497,0.908423,0.907978,0.899298,0.901979,0.916440,0.901979,0.913051,0.913051
1131.000000,0.903540,0.907406,0.909947,0.901041,0.923217,0.931567,0.913414,0.924850,0.924850
1132.000000,0.909457,0.906390,0.911645,0.902299,0.928299,0.928299,0.916682,0.918679,0.918679
1133.000000,0.918461,0.907551,0.914540,0.904290,0.921038,0.943184,0.921038,0.938283,0.938283
1134.000000,0.925903,0.909784,0.917598,0.905990,0.941732,0.941732,0.924306,0.934652,0.934652
1135.000000,0.927755,0.912126,0.919586,0.906880,0.932656,0.934469,0.919768,0.922309,0.922309
1136.000000,0.928880,0.916210,0.920603,0.908241,0.925032,0.931022,0.917952,0.930477,0.930477
1137.000000,0.929533,0.919495,0.919641,0.909312,0.924487,0.930506,0.921220,0.921946,0.921946
1138.000000,0.925467,0.921964,0.918633,0.910419,0.921038,0.921038,0.911418,0.917952,0.917952
1139.000000,0.922745,0.924324,0.917680,0.911974,0.915230,0.926845,0.915230,0.921038,0.921038
1140.000000,0.922745,0.925250,0.916836,0.913735,0.921764,0.924039,0.915411,0.922309,0.922309
1141.000000,0.919514,0.924197,0.915801,0.914697,0.914140,0.919938,0.908150,0.914322,0.914322
1142.000000,0.918061,0.923797,0.915093,0.915696,0.915593,0.919138,0.909499,0.914685,0.914685
1143.000000,0.917626,0.921547,0.914549,0.916875,0.911781,0.917408,0.908513,0.915774,0.915774
1144.000000,0.916718,0.919731,0.914758,0.918309,0.915593,0.923217,0.911236,0.916500,0.916500
1145.000000,0.915956,0.919350,0.915738,0.919507,0.917045,0.922309,0.913730,0.918497,0.918497
1146.000000,0.915593,0.917553,0.916881,0.919586,0.917771,0.925758,0.911599,0.912507,0.912507
1147.000000,0.916428,0.917245,0.918370,0.918842,0.910692,0.920276,0.910692,0.918860,0.918860
1148.000000,0.920276,0.918951,0.920457,0.918739,0.930114,0.938541,0.930114,0.935015,0.935015
1149.000000,0.920240,0.918479,0.921401,0.917946,0.935378,0.935378,0.915230,0.916319,0.916319
1150.000000,0.919913,0.917934,0.921592,0.917202,0.920675,0.925395,0.913095,0.916863,0.916863
1151.000000,0.918824,0.917208,0.920702,0.916270,0.914140,0.914140,0.903975,0.907061,0.907061
1152.000000,0.917372,0.916900,0.920349,0.915696,0.908150,0.916030,0.907584,0.911599,0.911599
1153.000000,0.913995,0.917136,0.919341,0.915411,0.917226,0.918134,0.912144,0.918134,0.918134
1154.000000,0.913669,0.916954,0.918343,0.915490,0.918315,0.919793,0.909425,0.914685,0.914685
1155.000000,0.911490,0.915702,0.917526,0.915726,0.915956,0.915956,0.903612,0.905972,0.905972
1156.000000,0.912471,0.915647,0.916600,0.916470,0.913233,0.918134,0.911962,0.911962,0.911962
1157.000000,0.911454,0.914413,0.915829,0.917051,0.911418,0.911423,0.905248,0.906517,0.906517
1158.000000,0.909239,0.911617,0.915284,0.917511,0.905427,0.920312,0.904338,0.907061,0.907061
1159.000000,0.905609,0.909639,0.914059,0.917480,0.899619,0.902705,0.894326,0.896533,0.896533
1160.000000,0.899764,0.905627,0.911781,0.916270,0.893810,0.893810,0.876384,0.876747,0.876747
1161.000000,0.891015,0.901743,0.909475,0.914383,0.877655,0.882193,0.864585,0.868216,0.868216
1162.000000,0.887784,0.899619,0.908259,0.913439,0.875476,0.891085,0.875476,0.890361,0.890361
1163.000000,0.883209,0.896224,0.906680,0.911636,0.895807,0.895807,0.883463,0.884190,0.884190
1164.000000,0.880414,0.893011,0.904983,0.909899,0.888001,0.890724,0.879452,0.882556,0.882556
1165.000000,0.877001,0.888383,0.902042,0.907811,0.877836,0.881321,0.858958,0.859684,0.859684
1166.000000,0.875476,0.883246,0.899446,0.905482,0.854602,0.865130,0.836631,0.860592,0.860592
1167.000000,0.869740,0.878762,0.896587,0.903473,0.860410,0.861862,0.854587,0.861681,0.861681
1168.000000,0.866655,0.874932,0.893275,0.901833,0.865674,0.869189,0.864489,0.868760,0.868760
1169.000000,0.864004,0.872209,0.890924,0.900109,0.863315,0.875295,0.859216,0.869305,0.869305
1170.000000,0.866763,0.871882,0.888755,0.898481,0.868034,0.874204,0.867853,0.873480,0.873480
1171.000000,0.870539,0.873008,0.887375,0.897320,0.877836,0.882919,0.874387,0.879470,0.879470
1172.000000,0.873080,0.871410,0.885515,0.895976,0.879651,0.879651,0.871133,0.874387,0.874387
1173.000000,0.873335,0.869995,0.883109,0.894452,0.865130,0.872391,0.861862,0.870031,0.870031
1174.000000,0.874133,0.869069,0.881040,0.893011,0.874206,0.876620,0.867854,0.873298,0.873298
1175.000000,0.874278,0.870521,0.879452,0.891535,0.877836,0.879288,0.873117,0.874206,0.874206
1176.000000,0.874170,0.872354,0.877800,0.890416,0.874024,0.882677,0.874024,0.878925,0.878925
1177.000000,0.870648,0.871864,0.875313,0.888346,0.876384,0.876384,0.854874,0.856780,0.856780
1178.000000,0.868070,0.870702,0.872817,0.885751,0.860410,0.864611,0.855237,0.857143,0.857143
1179.000000,0.860846,0.867490,0.869849,0.883112,0.857687,0.857687,0.835179,0.837176,0.837176
1180.000000,0.855473,0.864876,0.868379,0.880795,0.833182,0.850973,0.832456,0.847341,0.847341
1181.000000,0.853222,0.863696,0.868352,0.879482,0.854965,0.871302,0.853331,0.867671,0.867671
1182.000000,0.858777,0.864712,0.868061,0.878581,0.869123,0.886186,0.869123,0.884553,0.884553
1183.000000,0.865239,0.866655,0.868325,0.877624,0.885460,0.891269,0.880741,0.889454,0.889454
1184.000000,0.874206,0.867526,0.868297,0.876535,0.889091,0.890906,0.881013,0.882011,0.882011
1185.000000,0.881757,0.868615,0.869568,0.875840,0.879833,0.886005,0.876747,0.885097,0.885097
1186.000000,0.887711,0.870467,0.871410,0.875355,0.889635,0.899891,0.889635,0.897441,0.897441
1187.000000,0.890978,0.874877,0.873371,0.875168,0.895444,0.903420,0.895444,0.900889,0.900889
1188.000000,0.895589,0.880414,0.875558,0.875349,0.900163,0.917259,0.894901,0.912507,0.912507
1189.000000,0.901434,0.887820,0.877655,0.875840,0.910510,0.915046,0.908513,0.911236,0.911236
1190.000000,0.907497,0.894627,0.879751,0.877128,0.910329,0.916137,0.910329,0.915411,0.915411
1191.000000,0.911381,0.899546,0.881621,0.878750,0.915774,0.921024,0.908876,0.916863,0.916863
1192.000000,0.915992,0.903485,0.884099,0.879869,0.917226,0.926302,0.916863,0.923943,0.923943
1193.000000,0.923253,0.909421,0.888038,0.882023,0.932656,0.951171,0.919043,0.948811,0.948811
1194.000000,0.931712,0.916573,0.892049,0.884389,0.949356,0.954257,0.940643,0.953531,0.953531
1195.000000,0.939880,0.923689,0.896152,0.887608,0.954801,0.964948,0.952986,0.956253,0.956253
1196.000000,0.949392,0.930387,0.900427,0.891069,0.957524,0.964422,0.951795,0.964422,0.964422
1197.000000,0.957524,0.936758,0.905818,0.894500,0.966600,0.966600,0.954440,0.964603,0.964603
1198.000000,0.957851,0.940552,0.910483,0.897223,0.961699,0.962062,0.949466,0.950445,0.950445
1199.000000,0.959287,0.945499,0.916660,0.900270,0.952441,0.963714,0.952441,0.960710,0.960710
1200.000000,0.960521,0.950201,0.922414,0.903234,0.962607,0.965511,0.957524,0.962425,0.962425
1201.000000,0.959613,0.954503,0.927024,0.905915,0.964966,0.964966,0.958795,0.959884,0.959884
1202.000000,0.960666,0.959095,0.931290,0.909098,0.963333,0.970775,0.961518,0.969867,0.969867
1203.000000,0.963716,0.960783,0.935102,0.912286,0.970594,0.970775,0.962788,0.965693,0.965693
1204.000000,0.963369,0.961328,0.938950,0.915142,0.969686,0.971049,0.958430,0.958976,0.958976
1205.000000,0.961917,0.961219,0.942454,0.917841,0.954620,0.962788,0.949566,0.955164,0.955164
1206.000000,0.962062,0.960838,0.945612,0.920564,0.955164,0.966056,0.955164,0.960610,0.960610
1207.000000,0.958323,0.959494,0.948126,0.923710,0.963151,0.963151,0.949583,0.951171,0.951171
1208.000000,0.956689,0.960202,0.950377,0.927056,0.954075,0.960973,0.954075,0.957524,0.957524
1209.000000,0.957451,0.960410,0.952955,0.931243,0.949900,0.964736,0.949900,0.962788,0.962788
1210.000000,0.959884,0.960900,0.955550,0.935243,0.971138,0.972200,0.966157,0.967326,0.967326
1211.000000,0.959267,0.960664,0.957583,0.938238,0.968597,0.968597,0.956072,0.957524,0.957524
1212.000000,0.961518,0.959920,0.959508,0.940833,0.962607,0.966417,0.955863,0.962425,0.962425
1213.000000,0.962135,0.959412,0.960098,0.943205,0.964966,0.964966,0.953168,0.960610,0.960610
1214.000000,0.963478,0.960465,0.960896,0.946122,0.962970,0.970957,0.961479,0.969504,0.969504
1215.000000,0.964749,0.962316,0.961768,0.949075,0.969867,0.975313,0.963698,0.973679,0.973679
1216.000000,0.963224,0.961245,0.961041,0.950823,0.970957,0.970957,0.946996,0.949900,0.949900
1217.000000,0.961735,0.961626,0.960560,0.952626,0.949719,0.961699,0.949719,0.954981,0.954981
1218.000000,0.958903,0.960519,0.960361,0.953758,0.960428,0.961518,0.941006,0.946451,0.946451
1219.000000,0.956435,0.959956,0.960183,0.955289,0.946270,0.958824,0.942095,0.957161,0.957161
1220.000000,0.952223,0.958486,0.959693,0.956529,0.955709,0.955709,0.950160,0.952623,0.952623
1221.000000,0.952187,0.957705,0.959185,0.957624,0.947359,0.953712,0.947359,0.949719,0.949719
1222.000000,0.945834,0.953785,0.956852,0.957600,0.948266,0.948729,0.922490,0.923217,0.923217
1223.000000,0.939771,0.949337,0.954375,0.956511,0.919042,0.919042,0.909423,0.916137,0.916137
1224.000000,0.929860,0.943147,0.951806,0.954980,0.909421,0.917408,0.897622,0.907606,0.907606
1225.000000,0.921147,0.936685,0.949501,0.953407,0.906880,0.914685,0.906880,0.909058,0.909058
1226.000000,0.914903,0.933545,0.947395,0.951876,0.901979,0.920310,0.900476,0.918497,0.918497
1227.000000,0.914721,0.930278,0.945952,0.950466,0.912688,0.923443,0.912688,0.922309,0.922309
1228.000000,0.916065,0.927918,0.944218,0.949546,0.913233,0.928481,0.913233,0.922854,0.922854
1229.000000,0.919840,0.924850,0.942403,0.948406,0.927755,0.933563,0.924850,0.926484,0.926484
1230.000000,0.924560,0.922854,0.940670,0.947413,0.920131,0.934108,0.919194,0.932656,0.932656
1231.000000,0.928989,0.921946,0.939826,0.946772,0.936105,0.940643,0.930840,0.940643,0.940643
1232.000000,0.933999,0.924360,0.939072,0.946022,0.943365,0.947618,0.937738,0.947359,0.947359
1233.000000,0.938247,0.927156,0.938246,0.945302,0.950445,0.952554,0.943365,0.944091,0.944091
1234.000000,0.940316,0.930078,0.936613,0.944563,0.950989,0.950989,0.935378,0.936831,0.936831
1235.000000,0.941732,0.933146,0.934916,0.944049,0.934289,0.945544,0.932474,0.939735,0.939735
1236.000000,0.947395,0.938192,0.935868,0.944327,0.939553,0.970231,0.939009,0.968960,0.968960
1237.000000,0.957923,0.945961,0.938119,0.945955,0.981122,1.002539,0.970412,1.000000,1.000000
1238.000000,0.966019,0.952133,0.940025,0.946857,1.008350,1.008350,0.982029,0.984571,0.984571
1239.000000,0.974478,0.957397,0.941124,0.947401,0.986567,0.986567,0.949900,0.979125,0.979125
1240.000000,0.984680,0.963206,0.943030,0.948182,1.000000,1.005988,0.989490,0.990742,0.990742
1241.000000,0.985043,0.966219,0.944082,0.948623,0.998366,0.998366,0.970775,0.970775,0.970775
1242.000000,0.978000,0.967962,0.946161,0.948702,0.969141,0.974932,0.964240,0.964785,0.964785
1243.000000,0.974297,0.970158,0.948657,0.948884,0.964785,0.972953,0.962788,0.966056,0.966056
1244.000000,0.970267,0.972372,0.951225,0.948533,0.976402,0.976402,0.957706,0.958976,0.958976
1245.000000,0.962316,0.973498,0.953322,0.947776,0.958250,0.960145,0.948085,0.950989,0.950989
